,eta,phi,PT,jmass,ntrk,btag,hadem
0,0.0,-1.475,208.16,0.0,0.0,0.0,0.0
1,0.0,1.758,210.61,0.0,0.0,0.0,0.0
2,0.0,2.914,429.09,0.0,0.0,0.0,0.0
3,0.0,2.474,1375.98,0.0,0.0,0.0,0.0
4,0.0,-0.615,465.36,0.0,0.0,0.0,0.0
5,0.0,2.887,950.03,0.0,0.0,0.0,0.0
6,0.0,1.744,1349.67,0.0,0.0,0.0,0.0
7,0.0,1.096,65.82,0.0,0.0,0.0,0.0
8,0.0,-2.956,285.07,0.0,0.0,0.0,0.0
9,0.0,0.937,620.91,0.0,0.0,0.0,0.0
10,0.0,-0.337,183.24,0.0,0.0,0.0,0.0
11,0.0,2.103,424.1,0.0,0.0,0.0,0.0
12,0.0,1.797,1250.13,0.0,0.0,0.0,0.0
13,0.0,-1.913,236.59,0.0,0.0,0.0,0.0
14,0.0,-1.81,2559.7,0.0,0.0,0.0,0.0
15,0.0,-0.015,323.06,0.0,0.0,0.0,0.0
16,0.0,-2.009,2549.84,0.0,0.0,0.0,0.0
17,0.0,1.969,335.98,0.0,0.0,0.0,0.0
18,0.0,-1.272,3658.34,0.0,0.0,0.0,0.0
19,0.0,0.707,149.87,0.0,0.0,0.0,0.0
20,0.0,0.682,202.86,0.0,0.0,0.0,0.0
21,0.0,0.42,86.48,0.0,0.0,0.0,0.0
22,0.0,1.358,1471.83,0.0,0.0,0.0,0.0
23,0.0,2.999,1298.42,0.0,0.0,0.0,0.0
24,0.0,-2.439,542.6,0.0,0.0,0.0,0.0
25,0.0,2.91,56.36,0.0,0.0,0.0,0.0
26,0.0,-3.127,896.34,0.0,0.0,0.0,0.0
27,0.0,0.566,300.21,0.0,0.0,0.0,0.0
28,0.0,-0.24,77.58,0.0,0.0,0.0,0.0
29,0.0,3.084,684.75,0.0,0.0,0.0,0.0
30,0.0,0.277,127.08,0.0,0.0,0.0,0.0
31,0.0,-1.113,1227.23,0.0,0.0,0.0,0.0
32,0.0,2.142,201.73,0.0,0.0,0.0,0.0
33,0.0,-0.849,827.29,0.0,0.0,0.0,0.0
34,0.0,-2.354,289.12,0.0,0.0,0.0,0.0
35,0.0,-3.111,310.44,0.0,0.0,0.0,0.0
36,0.0,2.113,966.99,0.0,0.0,0.0,0.0
37,0.0,2.907,2025.2,0.0,0.0,0.0,0.0
38,0.0,-2.901,28.59,0.0,0.0,0.0,0.0
39,0.0,0.245,49.93,0.0,0.0,0.0,0.0
40,0.0,2.607,393.5,0.0,0.0,0.0,0.0
41,0.0,-2.033,316.96,0.0,0.0,0.0,0.0
42,0.0,-1.3,387.65,0.0,0.0,0.0,0.0
43,0.0,-0.972,309.09,0.0,0.0,0.0,0.0
44,0.0,-1.451,100.1,0.0,0.0,0.0,0.0
45,0.0,0.428,30.36,0.0,0.0,0.0,0.0
46,0.0,-0.587,62.93,0.0,0.0,0.0,0.0
47,0.0,-2.44,817.61,0.0,0.0,0.0,0.0
48,0.0,-3.079,141.04,0.0,0.0,0.0,0.0
49,0.0,-0.735,488.41,0.0,0.0,0.0,0.0
50,0.0,-1.859,411.44,0.0,0.0,0.0,0.0
51,0.0,0.451,450.41,0.0,0.0,0.0,0.0
52,0.0,0.359,2250.44,0.0,0.0,0.0,0.0
53,0.0,-1.33,1038.99,0.0,0.0,0.0,0.0
54,0.0,1.586,913.18,0.0,0.0,0.0,0.0
55,0.0,-3.093,91.36,0.0,0.0,0.0,0.0
56,0.0,-1.92,224.98,0.0,0.0,0.0,0.0
57,0.0,-1.388,167.98,0.0,0.0,0.0,0.0
58,0.0,0.698,60.04,0.0,0.0,0.0,0.0
59,0.0,2.334,738.09,0.0,0.0,0.0,0.0
60,0.0,-2.234,604.28,0.0,0.0,0.0,0.0
61,0.0,2.198,325.17,0.0,0.0,0.0,0.0
62,0.0,-0.689,191.93,0.0,0.0,0.0,0.0
63,0.0,-1.827,921.81,0.0,0.0,0.0,0.0
64,0.0,-1.277,422.62,0.0,0.0,0.0,0.0
65,0.0,-2.46,248.25,0.0,0.0,0.0,0.0
66,0.0,-2.415,937.42,0.0,0.0,0.0,0.0
67,0.0,-0.638,893.92,0.0,0.0,0.0,0.0
68,0.0,-1.272,158.42,0.0,0.0,0.0,0.0
69,0.0,-2.663,1519.04,0.0,0.0,0.0,0.0
70,0.0,1.587,120.59,0.0,0.0,0.0,0.0
71,0.0,-1.667,1213.29,0.0,0.0,0.0,0.0
72,0.0,1.826,119.05,0.0,0.0,0.0,0.0
73,0.0,-1.72,317.83,0.0,0.0,0.0,0.0
74,0.0,-2.083,250.02,0.0,0.0,0.0,0.0
75,0.0,2.501,109.16,0.0,0.0,0.0,0.0
76,0.0,0.116,1504.7,0.0,0.0,0.0,0.0
77,0.0,-0.575,1269.57,0.0,0.0,0.0,0.0
78,0.0,0.574,241.02,0.0,0.0,0.0,0.0
79,0.0,0.785,2461.33,0.0,0.0,0.0,0.0
80,0.0,-1.522,136.81,0.0,0.0,0.0,0.0
81,0.0,0.752,169.68,0.0,0.0,0.0,0.0
82,0.0,0.436,2164.51,0.0,0.0,0.0,0.0
83,0.0,-2.359,101.77,0.0,0.0,0.0,0.0
84,0.0,-2.008,150.31,0.0,0.0,0.0,0.0
85,0.0,-0.214,1493.77,0.0,0.0,0.0,0.0
86,0.0,0.824,1028.51,0.0,0.0,0.0,0.0
87,0.0,2.236,240.02,0.0,0.0,0.0,0.0
88,0.0,-0.42,710.89,0.0,0.0,0.0,0.0
89,0.0,1.638,730.99,0.0,0.0,0.0,0.0
90,0.0,-2.687,641.96,0.0,0.0,0.0,0.0
91,0.0,1.719,1033.21,0.0,0.0,0.0,0.0
92,0.0,2.138,1721.56,0.0,0.0,0.0,0.0
93,0.0,-2.123,393.57,0.0,0.0,0.0,0.0
94,0.0,0.158,642.37,0.0,0.0,0.0,0.0
95,0.0,1.939,230.27,0.0,0.0,0.0,0.0
96,0.0,-0.35,83.23,0.0,0.0,0.0,0.0
97,0.0,2.042,66.79,0.0,0.0,0.0,0.0
98,0.0,-0.333,697.77,0.0,0.0,0.0,0.0
99,0.0,0.15,229.9,0.0,0.0,0.0,0.0
100,0.0,-0.804,661.74,0.0,0.0,0.0,0.0
101,0.0,3.058,261.81,0.0,0.0,0.0,0.0
102,0.0,-0.772,157.33,0.0,0.0,0.0,0.0
103,0.0,-0.317,422.96,0.0,0.0,0.0,0.0
104,0.0,-1.327,131.71,0.0,0.0,0.0,0.0
105,0.0,2.77,952.36,0.0,0.0,0.0,0.0
106,0.0,1.404,1381.86,0.0,0.0,0.0,0.0
107,0.0,0.824,362.58,0.0,0.0,0.0,0.0
108,0.0,0.025,318.62,0.0,0.0,0.0,0.0
109,0.0,1.029,261.03,0.0,0.0,0.0,0.0
110,0.0,-2.205,2784.68,0.0,0.0,0.0,0.0
111,0.0,-0.081,263.62,0.0,0.0,0.0,0.0
112,0.0,-0.029,196.9,0.0,0.0,0.0,0.0
113,0.0,-2.172,238.52,0.0,0.0,0.0,0.0
114,0.0,-0.075,646.49,0.0,0.0,0.0,0.0
115,0.0,-2.281,1435.06,0.0,0.0,0.0,0.0
116,0.0,-1.504,370.22,0.0,0.0,0.0,0.0
117,0.0,-0.234,897.87,0.0,0.0,0.0,0.0
118,0.0,-1.447,56.71,0.0,0.0,0.0,0.0
119,0.0,0.555,368.83,0.0,0.0,0.0,0.0
120,0.0,-2.769,121.23,0.0,0.0,0.0,0.0
121,0.0,2.232,304.69,0.0,0.0,0.0,0.0
122,0.0,-1.458,230.91,0.0,0.0,0.0,0.0
123,0.0,0.013,371.08,0.0,0.0,0.0,0.0
124,0.0,-1.691,194.82,0.0,0.0,0.0,0.0
125,0.0,-0.525,450.69,0.0,0.0,0.0,0.0
126,0.0,0.441,225.93,0.0,0.0,0.0,0.0
127,0.0,3.078,390.96,0.0,0.0,0.0,0.0
128,0.0,-0.375,779.22,0.0,0.0,0.0,0.0
129,0.0,2.631,409.82,0.0,0.0,0.0,0.0
130,0.0,2.772,119.87,0.0,0.0,0.0,0.0
131,0.0,-2.212,241.64,0.0,0.0,0.0,0.0
132,0.0,-0.201,1679.51,0.0,0.0,0.0,0.0
133,0.0,1.479,545.8,0.0,0.0,0.0,0.0
134,0.0,-1.731,166.63,0.0,0.0,0.0,0.0
135,0.0,-1.115,267.71,0.0,0.0,0.0,0.0
136,0.0,2.876,579.45,0.0,0.0,0.0,0.0
137,0.0,-2.195,372.02,0.0,0.0,0.0,0.0
138,0.0,-2.475,426.43,0.0,0.0,0.0,0.0
139,0.0,-2.114,1454.83,0.0,0.0,0.0,0.0
140,0.0,0.969,491.3,0.0,0.0,0.0,0.0
141,0.0,2.303,126.06,0.0,0.0,0.0,0.0
142,0.0,1.852,1116.84,0.0,0.0,0.0,0.0
143,0.0,0.922,484.81,0.0,0.0,0.0,0.0
144,0.0,-1.096,307.51,0.0,0.0,0.0,0.0
145,0.0,-0.607,58.73,0.0,0.0,0.0,0.0
146,0.0,-0.964,1820.39,0.0,0.0,0.0,0.0
147,0.0,0.492,779.09,0.0,0.0,0.0,0.0
148,0.0,-3.016,314.3,0.0,0.0,0.0,0.0
149,0.0,-0.762,122.64,0.0,0.0,0.0,0.0
150,0.0,2.812,54.85,0.0,0.0,0.0,0.0
151,0.0,-1.935,65.51,0.0,0.0,0.0,0.0
152,0.0,3.049,119.81,0.0,0.0,0.0,0.0
153,0.0,-1.175,48.06,0.0,0.0,0.0,0.0
154,0.0,0.28,1178.87,0.0,0.0,0.0,0.0
155,0.0,0.21,90.32,0.0,0.0,0.0,0.0
156,0.0,-0.053,791.83,0.0,0.0,0.0,0.0
157,0.0,2.712,1519.24,0.0,0.0,0.0,0.0
158,0.0,1.321,222.91,0.0,0.0,0.0,0.0
159,0.0,-3.081,393.94,0.0,0.0,0.0,0.0
160,0.0,0.392,228.25,0.0,0.0,0.0,0.0
161,0.0,0.666,290.82,0.0,0.0,0.0,0.0
162,0.0,-1.492,417.62,0.0,0.0,0.0,0.0
163,0.0,1.695,357.15,0.0,0.0,0.0,0.0
164,0.0,2.212,512.56,0.0,0.0,0.0,0.0
165,0.0,-3.088,129.61,0.0,0.0,0.0,0.0
166,0.0,-0.903,197.47,0.0,0.0,0.0,0.0
167,0.0,1.575,224.95,0.0,0.0,0.0,0.0
168,0.0,-2.277,360.55,0.0,0.0,0.0,0.0
169,0.0,-2.381,3362.44,0.0,0.0,0.0,0.0
170,0.0,-1.391,181.7,0.0,0.0,0.0,0.0
171,0.0,0.57,178.51,0.0,0.0,0.0,0.0
172,0.0,-2.087,325.08,0.0,0.0,0.0,0.0
173,0.0,2.38,84.04,0.0,0.0,0.0,0.0
174,0.0,-1.951,1053.19,0.0,0.0,0.0,0.0
175,0.0,-1.62,2015.7,0.0,0.0,0.0,0.0
176,0.0,-1.122,406.52,0.0,0.0,0.0,0.0
177,0.0,-0.363,983.0,0.0,0.0,0.0,0.0
178,0.0,0.356,741.79,0.0,0.0,0.0,0.0
179,0.0,-1.496,393.6,0.0,0.0,0.0,0.0
180,0.0,0.608,1167.41,0.0,0.0,0.0,0.0
181,0.0,2.944,206.88,0.0,0.0,0.0,0.0
182,0.0,1.333,536.5,0.0,0.0,0.0,0.0
183,0.0,-0.093,285.77,0.0,0.0,0.0,0.0
184,0.0,2.021,311.51,0.0,0.0,0.0,0.0
185,0.0,-1.154,79.25,0.0,0.0,0.0,0.0
186,0.0,-2.343,65.44,0.0,0.0,0.0,0.0
187,0.0,0.162,335.52,0.0,0.0,0.0,0.0
188,0.0,-0.958,874.54,0.0,0.0,0.0,0.0
189,0.0,-1.92,83.34,0.0,0.0,0.0,0.0
190,0.0,2.641,100.8,0.0,0.0,0.0,0.0
191,0.0,1.771,1049.4,0.0,0.0,0.0,0.0
192,0.0,1.687,928.07,0.0,0.0,0.0,0.0
193,0.0,-1.147,319.16,0.0,0.0,0.0,0.0
194,0.0,0.313,621.16,0.0,0.0,0.0,0.0
195,0.0,-1.004,727.86,0.0,0.0,0.0,0.0
196,0.0,-2.704,195.46,0.0,0.0,0.0,0.0
197,0.0,-2.332,151.29,0.0,0.0,0.0,0.0
198,0.0,0.906,339.85,0.0,0.0,0.0,0.0
199,0.0,1.088,326.75,0.0,0.0,0.0,0.0
200,0.0,0.653,451.69,0.0,0.0,0.0,0.0
201,0.0,-2.795,927.63,0.0,0.0,0.0,0.0
202,0.0,2.436,134.16,0.0,0.0,0.0,0.0
203,0.0,-2.505,86.82,0.0,0.0,0.0,0.0
204,0.0,-1.303,1155.53,0.0,0.0,0.0,0.0
205,0.0,-2.562,432.65,0.0,0.0,0.0,0.0
206,0.0,0.583,1090.21,0.0,0.0,0.0,0.0
207,0.0,1.913,74.86,0.0,0.0,0.0,0.0
208,0.0,1.106,40.32,0.0,0.0,0.0,0.0
209,0.0,-0.216,260.67,0.0,0.0,0.0,0.0
210,0.0,2.191,88.22,0.0,0.0,0.0,0.0
211,0.0,-0.401,1561.6,0.0,0.0,0.0,0.0
212,0.0,0.759,55.91,0.0,0.0,0.0,0.0
213,0.0,3.013,149.88,0.0,0.0,0.0,0.0
214,0.0,1.331,367.43,0.0,0.0,0.0,0.0
215,0.0,-1.993,1234.2,0.0,0.0,0.0,0.0
216,0.0,-2.425,1283.66,0.0,0.0,0.0,0.0
217,0.0,2.681,1729.68,0.0,0.0,0.0,0.0
218,0.0,-2.865,37.6,0.0,0.0,0.0,0.0
219,0.0,1.385,874.12,0.0,0.0,0.0,0.0
220,0.0,1.004,239.65,0.0,0.0,0.0,0.0
221,0.0,-2.312,198.35,0.0,0.0,0.0,0.0
222,0.0,-0.861,134.2,0.0,0.0,0.0,0.0
223,0.0,0.645,412.32,0.0,0.0,0.0,0.0
224,0.0,2.331,254.21,0.0,0.0,0.0,0.0
225,0.0,-2.197,126.59,0.0,0.0,0.0,0.0
226,0.0,0.616,745.26,0.0,0.0,0.0,0.0
227,0.0,-2.046,668.16,0.0,0.0,0.0,0.0
228,0.0,1.146,664.48,0.0,0.0,0.0,0.0
229,0.0,-1.54,250.4,0.0,0.0,0.0,0.0
230,0.0,1.447,1289.59,0.0,0.0,0.0,0.0
231,0.0,-1.315,322.71,0.0,0.0,0.0,0.0
232,0.0,3.081,374.73,0.0,0.0,0.0,0.0
233,0.0,1.052,392.34,0.0,0.0,0.0,0.0
234,0.0,0.038,602.01,0.0,0.0,0.0,0.0
235,0.0,2.973,120.18,0.0,0.0,0.0,0.0
236,0.0,1.685,1619.1,0.0,0.0,0.0,0.0
237,0.0,-0.421,254.11,0.0,0.0,0.0,0.0
238,0.0,-0.428,294.22,0.0,0.0,0.0,0.0
239,0.0,-2.504,56.41,0.0,0.0,0.0,0.0
240,0.0,-3.118,276.95,0.0,0.0,0.0,0.0
241,0.0,0.751,908.54,0.0,0.0,0.0,0.0
242,0.0,-0.892,1256.79,0.0,0.0,0.0,0.0
243,0.0,-0.64,1566.54,0.0,0.0,0.0,0.0
244,0.0,-2.133,83.05,0.0,0.0,0.0,0.0
245,0.0,-1.384,333.07,0.0,0.0,0.0,0.0
246,0.0,-2.095,208.21,0.0,0.0,0.0,0.0
247,0.0,-0.769,49.55,0.0,0.0,0.0,0.0
248,0.0,2.176,380.27,0.0,0.0,0.0,0.0
249,0.0,3.062,210.77,0.0,0.0,0.0,0.0
250,0.0,-2.37,841.46,0.0,0.0,0.0,0.0
251,0.0,-2.124,2714.68,0.0,0.0,0.0,0.0
252,0.0,2.79,1225.54,0.0,0.0,0.0,0.0
253,0.0,0.384,170.06,0.0,0.0,0.0,0.0
254,0.0,3.005,225.61,0.0,0.0,0.0,0.0
255,0.0,-1.193,517.43,0.0,0.0,0.0,0.0
256,0.0,1.568,1180.92,0.0,0.0,0.0,0.0
257,0.0,1.146,888.07,0.0,0.0,0.0,0.0
258,0.0,-1.838,64.1,0.0,0.0,0.0,0.0
259,0.0,-0.253,1807.37,0.0,0.0,0.0,0.0
260,0.0,1.449,420.35,0.0,0.0,0.0,0.0
261,0.0,-1.939,586.94,0.0,0.0,0.0,0.0
262,0.0,0.947,1153.05,0.0,0.0,0.0,0.0
263,0.0,1.352,56.0,0.0,0.0,0.0,0.0
264,0.0,1.35,1458.86,0.0,0.0,0.0,0.0
265,0.0,1.291,1076.32,0.0,0.0,0.0,0.0
266,0.0,1.012,738.91,0.0,0.0,0.0,0.0
267,0.0,-2.719,167.67,0.0,0.0,0.0,0.0
268,0.0,0.5,40.44,0.0,0.0,0.0,0.0
269,0.0,-1.781,188.61,0.0,0.0,0.0,0.0
270,0.0,-1.872,238.31,0.0,0.0,0.0,0.0
271,0.0,2.706,1789.57,0.0,0.0,0.0,0.0
272,0.0,2.914,269.76,0.0,0.0,0.0,0.0
273,0.0,-2.195,302.66,0.0,0.0,0.0,0.0
274,0.0,1.191,860.6,0.0,0.0,0.0,0.0
275,0.0,1.979,99.03,0.0,0.0,0.0,0.0
276,0.0,2.46,295.81,0.0,0.0,0.0,0.0
277,0.0,-1.496,135.44,0.0,0.0,0.0,0.0
278,0.0,0.582,89.55,0.0,0.0,0.0,0.0
279,0.0,-0.756,328.29,0.0,0.0,0.0,0.0
280,0.0,2.394,1697.71,0.0,0.0,0.0,0.0
281,0.0,-2.165,351.53,0.0,0.0,0.0,0.0
282,0.0,2.709,1721.18,0.0,0.0,0.0,0.0
283,0.0,2.525,105.97,0.0,0.0,0.0,0.0
284,0.0,-2.197,101.61,0.0,0.0,0.0,0.0
285,0.0,-1.092,1680.91,0.0,0.0,0.0,0.0
286,0.0,-2.338,754.2,0.0,0.0,0.0,0.0
287,0.0,-2.963,340.39,0.0,0.0,0.0,0.0
288,0.0,1.692,309.55,0.0,0.0,0.0,0.0
289,0.0,1.705,206.85,0.0,0.0,0.0,0.0
290,0.0,0.684,188.15,0.0,0.0,0.0,0.0
291,0.0,0.761,2247.96,0.0,0.0,0.0,0.0
292,0.0,2.326,380.16,0.0,0.0,0.0,0.0
293,0.0,0.007,307.79,0.0,0.0,0.0,0.0
294,0.0,-1.887,393.49,0.0,0.0,0.0,0.0
295,0.0,0.608,603.49,0.0,0.0,0.0,0.0
296,0.0,2.773,41.53,0.0,0.0,0.0,0.0
297,0.0,1.582,477.26,0.0,0.0,0.0,0.0
298,0.0,0.225,732.82,0.0,0.0,0.0,0.0
299,0.0,-0.156,261.53,0.0,0.0,0.0,0.0
300,0.0,-2.905,160.14,0.0,0.0,0.0,0.0
301,0.0,-1.568,432.69,0.0,0.0,0.0,0.0
302,0.0,-1.234,110.33,0.0,0.0,0.0,0.0
303,0.0,1.579,1118.67,0.0,0.0,0.0,0.0
304,0.0,0.005,948.82,0.0,0.0,0.0,0.0
305,0.0,-0.245,1720.62,0.0,0.0,0.0,0.0
306,0.0,1.603,655.9,0.0,0.0,0.0,0.0
307,0.0,1.493,176.93,0.0,0.0,0.0,0.0
308,0.0,2.865,341.7,0.0,0.0,0.0,0.0
309,0.0,1.166,60.2,0.0,0.0,0.0,0.0
310,0.0,-1.292,188.83,0.0,0.0,0.0,0.0
311,0.0,-0.78,146.5,0.0,0.0,0.0,0.0
312,0.0,-2.694,100.59,0.0,0.0,0.0,0.0
313,0.0,2.012,360.58,0.0,0.0,0.0,0.0
314,0.0,-0.927,902.91,0.0,0.0,0.0,0.0
315,0.0,1.323,1214.84,0.0,0.0,0.0,0.0
316,0.0,-2.662,421.22,0.0,0.0,0.0,0.0
317,0.0,1.419,791.54,0.0,0.0,0.0,0.0
318,0.0,-2.646,948.17,0.0,0.0,0.0,0.0
319,0.0,-2.924,328.92,0.0,0.0,0.0,0.0
320,0.0,1.231,181.59,0.0,0.0,0.0,0.0
321,0.0,2.772,1066.51,0.0,0.0,0.0,0.0
322,0.0,3.085,275.49,0.0,0.0,0.0,0.0
323,0.0,0.784,550.09,0.0,0.0,0.0,0.0
324,0.0,3.123,242.86,0.0,0.0,0.0,0.0
325,0.0,1.511,162.52,0.0,0.0,0.0,0.0
326,0.0,-2.732,225.17,0.0,0.0,0.0,0.0
327,0.0,1.821,1221.28,0.0,0.0,0.0,0.0
328,0.0,0.789,324.51,0.0,0.0,0.0,0.0
329,0.0,1.11,66.83,0.0,0.0,0.0,0.0
330,0.0,-0.54,829.24,0.0,0.0,0.0,0.0
331,0.0,-1.959,1494.83,0.0,0.0,0.0,0.0
332,0.0,0.705,140.71,0.0,0.0,0.0,0.0
333,0.0,-2.128,364.92,0.0,0.0,0.0,0.0
334,0.0,1.899,587.27,0.0,0.0,0.0,0.0
335,0.0,-3.063,1255.68,0.0,0.0,0.0,0.0
336,0.0,1.067,736.61,0.0,0.0,0.0,0.0
337,0.0,-2.762,3213.15,0.0,0.0,0.0,0.0
338,0.0,-0.301,724.08,0.0,0.0,0.0,0.0
339,0.0,-0.2,662.35,0.0,0.0,0.0,0.0
340,0.0,1.22,800.63,0.0,0.0,0.0,0.0
341,0.0,-0.042,460.96,0.0,0.0,0.0,0.0
342,0.0,-3.019,1191.51,0.0,0.0,0.0,0.0
343,0.0,1.219,98.02,0.0,0.0,0.0,0.0
344,0.0,-1.111,392.93,0.0,0.0,0.0,0.0
345,0.0,-0.928,1160.3,0.0,0.0,0.0,0.0
346,0.0,-2.436,309.46,0.0,0.0,0.0,0.0
347,0.0,-1.843,212.3,0.0,0.0,0.0,0.0
348,0.0,2.11,337.71,0.0,0.0,0.0,0.0
349,0.0,-0.949,951.29,0.0,0.0,0.0,0.0
350,0.0,-1.79,609.48,0.0,0.0,0.0,0.0
351,0.0,-1.215,603.82,0.0,0.0,0.0,0.0
352,0.0,2.785,683.29,0.0,0.0,0.0,0.0
353,0.0,1.535,216.61,0.0,0.0,0.0,0.0
354,0.0,0.961,322.58,0.0,0.0,0.0,0.0
355,0.0,-1.4,409.77,0.0,0.0,0.0,0.0
356,0.0,-2.785,172.14,0.0,0.0,0.0,0.0
357,0.0,1.346,162.55,0.0,0.0,0.0,0.0
358,0.0,-1.343,267.52,0.0,0.0,0.0,0.0
359,0.0,0.395,492.74,0.0,0.0,0.0,0.0
360,0.0,2.952,278.64,0.0,0.0,0.0,0.0
361,0.0,-2.064,693.25,0.0,0.0,0.0,0.0
362,0.0,-0.496,902.22,0.0,0.0,0.0,0.0
363,0.0,-2.19,96.13,0.0,0.0,0.0,0.0
364,0.0,0.997,363.25,0.0,0.0,0.0,0.0
365,0.0,1.346,392.19,0.0,0.0,0.0,0.0
366,0.0,-1.305,26.08,0.0,0.0,0.0,0.0
367,0.0,-3.078,401.98,0.0,0.0,0.0,0.0
368,0.0,0.282,475.26,0.0,0.0,0.0,0.0
369,0.0,-1.08,1151.39,0.0,0.0,0.0,0.0
370,0.0,0.625,834.37,0.0,0.0,0.0,0.0
371,0.0,0.408,219.01,0.0,0.0,0.0,0.0
372,0.0,2.996,320.78,0.0,0.0,0.0,0.0
373,0.0,-2.202,175.76,0.0,0.0,0.0,0.0
374,0.0,0.138,295.99,0.0,0.0,0.0,0.0
375,0.0,-2.146,284.81,0.0,0.0,0.0,0.0
376,0.0,-0.051,1046.38,0.0,0.0,0.0,0.0
377,0.0,2.656,660.81,0.0,0.0,0.0,0.0
378,0.0,1.577,296.99,0.0,0.0,0.0,0.0
379,0.0,-1.299,199.52,0.0,0.0,0.0,0.0
380,0.0,-1.158,772.87,0.0,0.0,0.0,0.0
381,0.0,0.781,1847.51,0.0,0.0,0.0,0.0
382,0.0,2.279,385.11,0.0,0.0,0.0,0.0
383,0.0,2.564,690.38,0.0,0.0,0.0,0.0
384,0.0,1.771,123.68,0.0,0.0,0.0,0.0
385,0.0,-0.662,383.81,0.0,0.0,0.0,0.0
386,0.0,0.784,852.33,0.0,0.0,0.0,0.0
387,0.0,-1.194,99.5,0.0,0.0,0.0,0.0
388,0.0,2.973,186.11,0.0,0.0,0.0,0.0
389,0.0,1.264,104.1,0.0,0.0,0.0,0.0
390,0.0,0.827,324.76,0.0,0.0,0.0,0.0
391,0.0,-1.746,213.65,0.0,0.0,0.0,0.0
392,0.0,1.559,152.85,0.0,0.0,0.0,0.0
393,0.0,0.134,883.9,0.0,0.0,0.0,0.0
394,0.0,0.487,1188.87,0.0,0.0,0.0,0.0
395,0.0,-2.498,1011.35,0.0,0.0,0.0,0.0
396,0.0,1.593,584.31,0.0,0.0,0.0,0.0
397,0.0,-0.81,1572.18,0.0,0.0,0.0,0.0
398,0.0,0.701,299.71,0.0,0.0,0.0,0.0
399,0.0,1.769,1308.53,0.0,0.0,0.0,0.0
400,0.0,-2.863,65.32,0.0,0.0,0.0,0.0
401,0.0,2.311,890.41,0.0,0.0,0.0,0.0
402,0.0,-0.675,145.52,0.0,0.0,0.0,0.0
403,0.0,2.779,624.35,0.0,0.0,0.0,0.0
404,0.0,2.763,301.23,0.0,0.0,0.0,0.0
405,0.0,-1.968,125.36,0.0,0.0,0.0,0.0
406,0.0,0.373,73.16,0.0,0.0,0.0,0.0
407,0.0,1.205,244.36,0.0,0.0,0.0,0.0
408,0.0,-0.867,1619.69,0.0,0.0,0.0,0.0
409,0.0,-0.033,448.65,0.0,0.0,0.0,0.0
410,0.0,1.583,153.69,0.0,0.0,0.0,0.0
411,0.0,-3.117,734.08,0.0,0.0,0.0,0.0
412,0.0,-2.343,36.2,0.0,0.0,0.0,0.0
413,0.0,1.162,413.71,0.0,0.0,0.0,0.0
414,0.0,1.031,178.75,0.0,0.0,0.0,0.0
415,0.0,2.269,2423.36,0.0,0.0,0.0,0.0
416,0.0,-1.482,832.14,0.0,0.0,0.0,0.0
417,0.0,1.927,164.88,0.0,0.0,0.0,0.0
418,0.0,0.761,274.53,0.0,0.0,0.0,0.0
419,0.0,1.862,157.81,0.0,0.0,0.0,0.0
420,0.0,0.466,113.59,0.0,0.0,0.0,0.0
421,0.0,-0.592,328.78,0.0,0.0,0.0,0.0
422,0.0,-0.279,184.2,0.0,0.0,0.0,0.0
423,0.0,1.188,214.55,0.0,0.0,0.0,0.0
424,0.0,2.925,861.73,0.0,0.0,0.0,0.0
425,0.0,-0.671,447.54,0.0,0.0,0.0,0.0
426,0.0,-2.855,442.75,0.0,0.0,0.0,0.0
427,0.0,1.649,1348.72,0.0,0.0,0.0,0.0
428,0.0,-0.585,385.54,0.0,0.0,0.0,0.0
429,0.0,1.71,517.65,0.0,0.0,0.0,0.0
430,0.0,-2.187,50.17,0.0,0.0,0.0,0.0
431,0.0,0.239,1155.96,0.0,0.0,0.0,0.0
432,0.0,0.62,604.77,0.0,0.0,0.0,0.0
433,0.0,-0.702,261.71,0.0,0.0,0.0,0.0
434,0.0,-1.146,1987.07,0.0,0.0,0.0,0.0
435,0.0,-2.689,401.13,0.0,0.0,0.0,0.0
436,0.0,-1.792,551.66,0.0,0.0,0.0,0.0
437,0.0,2.853,127.29,0.0,0.0,0.0,0.0
438,0.0,-2.53,1457.31,0.0,0.0,0.0,0.0
439,0.0,-0.813,216.22,0.0,0.0,0.0,0.0
440,0.0,-1.964,190.11,0.0,0.0,0.0,0.0
441,0.0,3.012,830.2,0.0,0.0,0.0,0.0
442,0.0,-0.128,126.35,0.0,0.0,0.0,0.0
443,0.0,2.928,566.35,0.0,0.0,0.0,0.0
444,0.0,-0.939,1403.11,0.0,0.0,0.0,0.0
445,0.0,2.68,646.26,0.0,0.0,0.0,0.0
446,0.0,2.598,480.27,0.0,0.0,0.0,0.0
447,0.0,-0.239,1997.52,0.0,0.0,0.0,0.0
448,0.0,1.395,153.94,0.0,0.0,0.0,0.0
449,0.0,-0.325,101.05,0.0,0.0,0.0,0.0
450,0.0,0.762,196.05,0.0,0.0,0.0,0.0
451,0.0,0.197,641.65,0.0,0.0,0.0,0.0
452,0.0,2.917,2221.74,0.0,0.0,0.0,0.0
453,0.0,0.404,965.69,0.0,0.0,0.0,0.0
454,0.0,-2.62,119.78,0.0,0.0,0.0,0.0
455,0.0,1.433,59.69,0.0,0.0,0.0,0.0
456,0.0,1.375,357.57,0.0,0.0,0.0,0.0
457,0.0,-1.118,447.83,0.0,0.0,0.0,0.0
458,0.0,-0.847,158.17,0.0,0.0,0.0,0.0
459,0.0,2.03,225.42,0.0,0.0,0.0,0.0
460,0.0,1.027,1467.0,0.0,0.0,0.0,0.0
461,0.0,2.782,677.17,0.0,0.0,0.0,0.0
462,0.0,2.18,732.05,0.0,0.0,0.0,0.0
463,0.0,1.388,282.53,0.0,0.0,0.0,0.0
464,0.0,1.414,242.7,0.0,0.0,0.0,0.0
465,0.0,-2.255,876.96,0.0,0.0,0.0,0.0
466,0.0,-2.594,728.19,0.0,0.0,0.0,0.0
467,0.0,0.415,108.83,0.0,0.0,0.0,0.0
468,0.0,2.251,626.68,0.0,0.0,0.0,0.0
469,0.0,0.61,685.21,0.0,0.0,0.0,0.0
470,0.0,-1.757,188.17,0.0,0.0,0.0,0.0
471,0.0,1.233,62.85,0.0,0.0,0.0,0.0
472,0.0,-2.143,64.69,0.0,0.0,0.0,0.0
473,0.0,1.886,150.34,0.0,0.0,0.0,0.0
474,0.0,-1.953,185.3,0.0,0.0,0.0,0.0
475,0.0,-1.644,1353.44,0.0,0.0,0.0,0.0
476,0.0,-0.921,25.03,0.0,0.0,0.0,0.0
477,0.0,1.262,1476.04,0.0,0.0,0.0,0.0
478,0.0,-2.15,256.45,0.0,0.0,0.0,0.0
479,0.0,2.915,217.88,0.0,0.0,0.0,0.0
480,0.0,2.128,466.55,0.0,0.0,0.0,0.0
481,0.0,1.123,1128.46,0.0,0.0,0.0,0.0
482,0.0,0.196,341.27,0.0,0.0,0.0,0.0
483,0.0,2.134,71.14,0.0,0.0,0.0,0.0
484,0.0,0.955,763.92,0.0,0.0,0.0,0.0
485,0.0,-1.917,839.13,0.0,0.0,0.0,0.0
486,0.0,1.302,161.79,0.0,0.0,0.0,0.0
487,0.0,-1.063,1077.69,0.0,0.0,0.0,0.0
488,0.0,-2.419,250.85,0.0,0.0,0.0,0.0
489,0.0,-2.23,259.07,0.0,0.0,0.0,0.0
490,0.0,-1.324,391.45,0.0,0.0,0.0,0.0
491,0.0,-2.239,271.68,0.0,0.0,0.0,0.0
492,0.0,-1.41,1473.09,0.0,0.0,0.0,0.0
493,0.0,-0.143,852.15,0.0,0.0,0.0,0.0
494,0.0,-1.624,2523.19,0.0,0.0,0.0,0.0
495,0.0,-0.913,61.6,0.0,0.0,0.0,0.0
496,0.0,1.779,2236.72,0.0,0.0,0.0,0.0
497,0.0,0.114,505.53,0.0,0.0,0.0,0.0
498,0.0,-1.194,213.67,0.0,0.0,0.0,0.0
499,0.0,-1.517,528.02,0.0,0.0,0.0,0.0
500,0.0,0.705,398.42,0.0,0.0,0.0,0.0
501,0.0,-2.106,1616.6,0.0,0.0,0.0,0.0
502,0.0,-2.934,1353.27,0.0,0.0,0.0,0.0
503,0.0,2.538,318.11,0.0,0.0,0.0,0.0
504,0.0,3.085,23.01,0.0,0.0,0.0,0.0
505,0.0,0.016,80.46,0.0,0.0,0.0,0.0
506,0.0,2.131,95.51,0.0,0.0,0.0,0.0
507,0.0,-1.27,199.59,0.0,0.0,0.0,0.0
508,0.0,1.144,426.66,0.0,0.0,0.0,0.0
509,0.0,-2.738,295.58,0.0,0.0,0.0,0.0
510,0.0,-1.031,351.8,0.0,0.0,0.0,0.0
511,0.0,0.189,316.19,0.0,0.0,0.0,0.0
512,0.0,1.125,108.12,0.0,0.0,0.0,0.0
513,0.0,0.518,707.25,0.0,0.0,0.0,0.0
514,0.0,-0.666,216.11,0.0,0.0,0.0,0.0
515,0.0,0.039,2803.08,0.0,0.0,0.0,0.0
516,0.0,1.76,71.4,0.0,0.0,0.0,0.0
517,0.0,1.294,565.55,0.0,0.0,0.0,0.0
518,0.0,1.042,142.2,0.0,0.0,0.0,0.0
519,0.0,2.764,89.44,0.0,0.0,0.0,0.0
520,0.0,-2.526,870.99,0.0,0.0,0.0,0.0
521,0.0,0.378,1625.85,0.0,0.0,0.0,0.0
522,0.0,0.107,68.68,0.0,0.0,0.0,0.0
523,0.0,-2.936,519.96,0.0,0.0,0.0,0.0
524,0.0,-2.937,610.33,0.0,0.0,0.0,0.0
525,0.0,-0.77,502.21,0.0,0.0,0.0,0.0
526,0.0,-2.609,559.89,0.0,0.0,0.0,0.0
527,0.0,0.861,193.0,0.0,0.0,0.0,0.0
528,0.0,-0.732,983.64,0.0,0.0,0.0,0.0
529,0.0,-1.6,281.11,0.0,0.0,0.0,0.0
530,0.0,2.207,1676.06,0.0,0.0,0.0,0.0
531,0.0,3.024,2510.02,0.0,0.0,0.0,0.0
532,0.0,-2.121,1051.31,0.0,0.0,0.0,0.0
533,0.0,-1.526,116.87,0.0,0.0,0.0,0.0
534,0.0,-0.177,1901.36,0.0,0.0,0.0,0.0
535,0.0,0.631,2346.77,0.0,0.0,0.0,0.0
536,0.0,-2.057,64.69,0.0,0.0,0.0,0.0
537,0.0,0.16,805.23,0.0,0.0,0.0,0.0
538,0.0,-2.568,2216.74,0.0,0.0,0.0,0.0
539,0.0,-2.681,1306.04,0.0,0.0,0.0,0.0
540,0.0,-1.486,483.89,0.0,0.0,0.0,0.0
541,0.0,0.172,81.27,0.0,0.0,0.0,0.0
542,0.0,-2.823,901.69,0.0,0.0,0.0,0.0
543,0.0,0.221,1206.59,0.0,0.0,0.0,0.0
544,0.0,-1.099,325.17,0.0,0.0,0.0,0.0
545,0.0,1.742,890.51,0.0,0.0,0.0,0.0
546,0.0,2.293,317.99,0.0,0.0,0.0,0.0
547,0.0,0.313,142.49,0.0,0.0,0.0,0.0
548,0.0,-0.478,461.48,0.0,0.0,0.0,0.0
549,0.0,0.452,841.5,0.0,0.0,0.0,0.0
550,0.0,-0.75,130.74,0.0,0.0,0.0,0.0
551,0.0,2.605,1715.94,0.0,0.0,0.0,0.0
552,0.0,1.136,802.14,0.0,0.0,0.0,0.0
553,0.0,2.481,349.92,0.0,0.0,0.0,0.0
554,0.0,3.043,131.89,0.0,0.0,0.0,0.0
555,0.0,2.814,536.33,0.0,0.0,0.0,0.0
556,0.0,-3.128,111.44,0.0,0.0,0.0,0.0
557,0.0,-2.391,851.36,0.0,0.0,0.0,0.0
558,0.0,0.761,209.52,0.0,0.0,0.0,0.0
559,0.0,-0.595,1732.54,0.0,0.0,0.0,0.0
560,0.0,1.062,204.62,0.0,0.0,0.0,0.0
561,0.0,0.793,469.57,0.0,0.0,0.0,0.0
562,0.0,1.515,814.24,0.0,0.0,0.0,0.0
563,0.0,-2.304,169.87,0.0,0.0,0.0,0.0
564,0.0,2.435,1713.77,0.0,0.0,0.0,0.0
565,0.0,-2.775,349.26,0.0,0.0,0.0,0.0
566,0.0,-1.153,201.83,0.0,0.0,0.0,0.0
567,0.0,2.892,2842.18,0.0,0.0,0.0,0.0
568,0.0,-1.465,806.38,0.0,0.0,0.0,0.0
569,0.0,0.267,134.74,0.0,0.0,0.0,0.0
570,0.0,-2.27,411.42,0.0,0.0,0.0,0.0
571,0.0,-2.914,169.93,0.0,0.0,0.0,0.0
572,0.0,-2.56,112.37,0.0,0.0,0.0,0.0
573,0.0,-1.559,342.71,0.0,0.0,0.0,0.0
574,0.0,-2.61,1482.01,0.0,0.0,0.0,0.0
575,0.0,0.241,88.72,0.0,0.0,0.0,0.0
576,0.0,0.226,360.38,0.0,0.0,0.0,0.0
577,0.0,1.404,650.38,0.0,0.0,0.0,0.0
578,0.0,1.566,1317.32,0.0,0.0,0.0,0.0
579,0.0,0.169,276.87,0.0,0.0,0.0,0.0
580,0.0,2.246,692.69,0.0,0.0,0.0,0.0
581,0.0,-0.795,267.13,0.0,0.0,0.0,0.0
582,0.0,2.347,3414.39,0.0,0.0,0.0,0.0
583,0.0,-1.377,351.9,0.0,0.0,0.0,0.0
584,0.0,2.629,1502.62,0.0,0.0,0.0,0.0
585,0.0,0.373,2371.87,0.0,0.0,0.0,0.0
586,0.0,-2.901,501.19,0.0,0.0,0.0,0.0
587,0.0,-2.725,802.9,0.0,0.0,0.0,0.0
588,0.0,-1.465,474.63,0.0,0.0,0.0,0.0
589,0.0,-1.043,3090.04,0.0,0.0,0.0,0.0
590,0.0,-2.161,477.13,0.0,0.0,0.0,0.0
591,0.0,-0.503,194.05,0.0,0.0,0.0,0.0
592,0.0,-2.071,3014.58,0.0,0.0,0.0,0.0
593,0.0,1.51,288.65,0.0,0.0,0.0,0.0
594,0.0,0.661,162.94,0.0,0.0,0.0,0.0
595,0.0,1.369,1917.18,0.0,0.0,0.0,0.0
596,0.0,-0.04,71.46,0.0,0.0,0.0,0.0
597,0.0,1.84,218.19,0.0,0.0,0.0,0.0
598,0.0,-2.996,164.05,0.0,0.0,0.0,0.0
599,0.0,2.477,969.56,0.0,0.0,0.0,0.0
600,0.0,2.442,1029.3,0.0,0.0,0.0,0.0
601,0.0,0.007,145.39,0.0,0.0,0.0,0.0
602,0.0,1.455,93.64,0.0,0.0,0.0,0.0
603,0.0,-2.557,302.99,0.0,0.0,0.0,0.0
604,0.0,2.195,1252.96,0.0,0.0,0.0,0.0
605,0.0,1.65,99.09,0.0,0.0,0.0,0.0
606,0.0,1.467,35.84,0.0,0.0,0.0,0.0
607,0.0,1.468,201.33,0.0,0.0,0.0,0.0
608,0.0,-2.419,500.69,0.0,0.0,0.0,0.0
609,0.0,0.609,182.61,0.0,0.0,0.0,0.0
610,0.0,-0.639,250.03,0.0,0.0,0.0,0.0
611,0.0,-1.613,500.46,0.0,0.0,0.0,0.0
612,0.0,2.119,450.31,0.0,0.0,0.0,0.0
613,0.0,-0.099,897.96,0.0,0.0,0.0,0.0
614,0.0,-2.149,250.12,0.0,0.0,0.0,0.0
615,0.0,0.351,1401.9,0.0,0.0,0.0,0.0
616,0.0,2.794,151.05,0.0,0.0,0.0,0.0
617,0.0,1.706,51.16,0.0,0.0,0.0,0.0
618,0.0,-2.718,178.03,0.0,0.0,0.0,0.0
619,0.0,-0.639,843.17,0.0,0.0,0.0,0.0
620,0.0,2.717,8.01,0.0,0.0,0.0,0.0
621,0.0,-2.046,836.15,0.0,0.0,0.0,0.0
622,0.0,1.583,427.1,0.0,0.0,0.0,0.0
623,0.0,-0.81,16.29,0.0,0.0,0.0,0.0
624,0.0,-0.937,670.72,0.0,0.0,0.0,0.0
625,0.0,-0.804,2258.22,0.0,0.0,0.0,0.0
626,0.0,-1.997,185.87,0.0,0.0,0.0,0.0
627,0.0,0.088,339.52,0.0,0.0,0.0,0.0
628,0.0,-2.271,60.65,0.0,0.0,0.0,0.0
629,0.0,1.312,121.24,0.0,0.0,0.0,0.0
630,0.0,-2.934,41.29,0.0,0.0,0.0,0.0
631,0.0,0.863,476.02,0.0,0.0,0.0,0.0
632,0.0,-1.287,247.67,0.0,0.0,0.0,0.0
633,0.0,-2.967,316.93,0.0,0.0,0.0,0.0
634,0.0,-2.744,751.52,0.0,0.0,0.0,0.0
635,0.0,-1.131,557.03,0.0,0.0,0.0,0.0
636,0.0,-2.043,244.34,0.0,0.0,0.0,0.0
637,0.0,-0.69,237.69,0.0,0.0,0.0,0.0
638,0.0,-2.642,51.3,0.0,0.0,0.0,0.0
639,0.0,-0.364,804.57,0.0,0.0,0.0,0.0
640,0.0,-0.415,1127.38,0.0,0.0,0.0,0.0
641,0.0,0.61,100.62,0.0,0.0,0.0,0.0
642,0.0,-0.047,465.53,0.0,0.0,0.0,0.0
643,0.0,2.369,1203.98,0.0,0.0,0.0,0.0
644,0.0,-0.64,1280.41,0.0,0.0,0.0,0.0
645,0.0,0.966,2500.9,0.0,0.0,0.0,0.0
646,0.0,3.061,408.36,0.0,0.0,0.0,0.0
647,0.0,-3.05,537.08,0.0,0.0,0.0,0.0
648,0.0,-0.511,658.81,0.0,0.0,0.0,0.0
649,0.0,1.935,135.39,0.0,0.0,0.0,0.0
650,0.0,-3.122,72.33,0.0,0.0,0.0,0.0
651,0.0,1.521,423.51,0.0,0.0,0.0,0.0
652,0.0,2.376,226.43,0.0,0.0,0.0,0.0
653,0.0,-2.308,302.6,0.0,0.0,0.0,0.0
654,0.0,2.481,445.81,0.0,0.0,0.0,0.0
655,0.0,-0.037,262.39,0.0,0.0,0.0,0.0
656,0.0,1.109,452.22,0.0,0.0,0.0,0.0
657,0.0,2.363,1852.59,0.0,0.0,0.0,0.0
658,0.0,-2.973,2627.77,0.0,0.0,0.0,0.0
659,0.0,-1.642,186.41,0.0,0.0,0.0,0.0
660,0.0,-1.847,179.47,0.0,0.0,0.0,0.0
661,0.0,-1.565,2840.83,0.0,0.0,0.0,0.0
662,0.0,-0.877,845.69,0.0,0.0,0.0,0.0
663,0.0,2.26,1099.58,0.0,0.0,0.0,0.0
664,0.0,0.932,458.24,0.0,0.0,0.0,0.0
665,0.0,1.65,213.67,0.0,0.0,0.0,0.0
666,0.0,-1.35,729.16,0.0,0.0,0.0,0.0
667,0.0,-2.98,1150.94,0.0,0.0,0.0,0.0
668,0.0,1.438,2477.32,0.0,0.0,0.0,0.0
669,0.0,-2.803,262.64,0.0,0.0,0.0,0.0
670,0.0,0.374,33.99,0.0,0.0,0.0,0.0
671,0.0,-0.07,519.84,0.0,0.0,0.0,0.0
672,0.0,-1.605,822.51,0.0,0.0,0.0,0.0
673,0.0,-2.566,382.17,0.0,0.0,0.0,0.0
674,0.0,2.547,1276.68,0.0,0.0,0.0,0.0
675,0.0,2.404,465.06,0.0,0.0,0.0,0.0
676,0.0,-0.225,1351.62,0.0,0.0,0.0,0.0
677,0.0,-2.973,1024.58,0.0,0.0,0.0,0.0
678,0.0,-3.128,206.27,0.0,0.0,0.0,0.0
679,0.0,-2.089,203.14,0.0,0.0,0.0,0.0
680,0.0,-0.339,1439.85,0.0,0.0,0.0,0.0
681,0.0,-3.099,515.74,0.0,0.0,0.0,0.0
682,0.0,1.589,274.83,0.0,0.0,0.0,0.0
683,0.0,2.519,73.5,0.0,0.0,0.0,0.0
684,0.0,1.451,619.91,0.0,0.0,0.0,0.0
685,0.0,-0.958,370.51,0.0,0.0,0.0,0.0
686,0.0,-1.51,350.84,0.0,0.0,0.0,0.0
687,0.0,-1.594,137.66,0.0,0.0,0.0,0.0
688,0.0,2.924,225.84,0.0,0.0,0.0,0.0
689,0.0,-2.292,1056.13,0.0,0.0,0.0,0.0
690,0.0,1.781,117.11,0.0,0.0,0.0,0.0
691,0.0,1.157,224.04,0.0,0.0,0.0,0.0
692,0.0,-0.996,1352.82,0.0,0.0,0.0,0.0
693,0.0,-0.156,399.94,0.0,0.0,0.0,0.0
694,0.0,3.097,198.15,0.0,0.0,0.0,0.0
695,0.0,-2.94,1737.27,0.0,0.0,0.0,0.0
696,0.0,1.021,2126.78,0.0,0.0,0.0,0.0
697,0.0,-0.336,90.22,0.0,0.0,0.0,0.0
698,0.0,-2.16,202.99,0.0,0.0,0.0,0.0
699,0.0,1.747,1705.55,0.0,0.0,0.0,0.0
700,0.0,-0.185,356.31,0.0,0.0,0.0,0.0
701,0.0,0.58,55.78,0.0,0.0,0.0,0.0
702,0.0,1.685,50.03,0.0,0.0,0.0,0.0
703,0.0,-2.144,234.49,0.0,0.0,0.0,0.0
704,0.0,2.317,560.29,0.0,0.0,0.0,0.0
705,0.0,-2.171,1071.98,0.0,0.0,0.0,0.0
706,0.0,-1.955,19.17,0.0,0.0,0.0,0.0
707,0.0,-0.767,2754.29,0.0,0.0,0.0,0.0
708,0.0,-1.825,397.56,0.0,0.0,0.0,0.0
709,0.0,2.553,49.04,0.0,0.0,0.0,0.0
710,0.0,-1.576,145.24,0.0,0.0,0.0,0.0
711,0.0,1.486,649.54,0.0,0.0,0.0,0.0
712,0.0,0.461,211.48,0.0,0.0,0.0,0.0
713,0.0,0.002,609.7,0.0,0.0,0.0,0.0
714,0.0,0.794,2452.31,0.0,0.0,0.0,0.0
715,0.0,-2.268,1512.54,0.0,0.0,0.0,0.0
716,0.0,0.505,846.66,0.0,0.0,0.0,0.0
717,0.0,1.757,295.6,0.0,0.0,0.0,0.0
718,0.0,-0.711,567.5,0.0,0.0,0.0,0.0
719,0.0,3.11,406.29,0.0,0.0,0.0,0.0
720,0.0,-0.983,317.05,0.0,0.0,0.0,0.0
721,0.0,1.518,195.79,0.0,0.0,0.0,0.0
722,0.0,-1.119,27.97,0.0,0.0,0.0,0.0
723,0.0,-2.477,383.47,0.0,0.0,0.0,0.0
724,0.0,-1.75,1848.59,0.0,0.0,0.0,0.0
725,0.0,1.433,1026.57,0.0,0.0,0.0,0.0
726,0.0,2.195,216.62,0.0,0.0,0.0,0.0
727,0.0,1.131,529.9,0.0,0.0,0.0,0.0
728,0.0,-2.991,368.15,0.0,0.0,0.0,0.0
729,0.0,-0.656,253.08,0.0,0.0,0.0,0.0
730,0.0,2.78,455.02,0.0,0.0,0.0,0.0
731,0.0,-2.824,135.58,0.0,0.0,0.0,0.0
732,0.0,-1.756,79.6,0.0,0.0,0.0,0.0
733,0.0,-0.07,2165.68,0.0,0.0,0.0,0.0
734,0.0,0.274,177.18,0.0,0.0,0.0,0.0
735,0.0,-0.907,959.69,0.0,0.0,0.0,0.0
736,0.0,-2.579,189.53,0.0,0.0,0.0,0.0
737,0.0,1.441,203.37,0.0,0.0,0.0,0.0
738,0.0,1.794,240.55,0.0,0.0,0.0,0.0
739,0.0,0.452,819.92,0.0,0.0,0.0,0.0
740,0.0,-2.692,213.6,0.0,0.0,0.0,0.0
741,0.0,-0.335,303.08,0.0,0.0,0.0,0.0
742,0.0,-0.378,113.16,0.0,0.0,0.0,0.0
743,0.0,-2.87,177.91,0.0,0.0,0.0,0.0
744,0.0,-1.929,1457.97,0.0,0.0,0.0,0.0
745,0.0,-3.046,882.07,0.0,0.0,0.0,0.0
746,0.0,0.569,234.6,0.0,0.0,0.0,0.0
747,0.0,-0.261,119.86,0.0,0.0,0.0,0.0
748,0.0,-1.12,59.28,0.0,0.0,0.0,0.0
749,0.0,0.805,353.32,0.0,0.0,0.0,0.0
750,0.0,-3.067,201.28,0.0,0.0,0.0,0.0
751,0.0,-1.291,78.77,0.0,0.0,0.0,0.0
752,0.0,1.248,96.08,0.0,0.0,0.0,0.0
753,0.0,-2.375,1618.81,0.0,0.0,0.0,0.0
754,0.0,0.65,419.7,0.0,0.0,0.0,0.0
755,0.0,-2.307,207.94,0.0,0.0,0.0,0.0
756,0.0,-2.317,16.9,0.0,0.0,0.0,0.0
757,0.0,3.07,535.82,0.0,0.0,0.0,0.0
758,0.0,-0.254,1479.06,0.0,0.0,0.0,0.0
759,0.0,2.52,152.15,0.0,0.0,0.0,0.0
760,0.0,3.077,1171.07,0.0,0.0,0.0,0.0
761,0.0,2.085,185.01,0.0,0.0,0.0,0.0
762,0.0,-1.273,313.36,0.0,0.0,0.0,0.0
763,0.0,-0.042,166.42,0.0,0.0,0.0,0.0
764,0.0,-0.241,2290.82,0.0,0.0,0.0,0.0
765,0.0,-2.847,1101.1,0.0,0.0,0.0,0.0
766,0.0,2.427,51.44,0.0,0.0,0.0,0.0
767,0.0,-1.733,1640.08,0.0,0.0,0.0,0.0
768,0.0,-1.64,921.42,0.0,0.0,0.0,0.0
769,0.0,1.702,2621.29,0.0,0.0,0.0,0.0
770,0.0,-1.105,187.84,0.0,0.0,0.0,0.0
771,0.0,1.1,664.94,0.0,0.0,0.0,0.0
772,0.0,-0.3,307.15,0.0,0.0,0.0,0.0
773,0.0,1.443,895.57,0.0,0.0,0.0,0.0
774,0.0,0.176,553.37,0.0,0.0,0.0,0.0
775,0.0,-2.185,157.72,0.0,0.0,0.0,0.0
776,0.0,1.102,123.46,0.0,0.0,0.0,0.0
777,0.0,0.601,1440.47,0.0,0.0,0.0,0.0
778,0.0,1.315,320.91,0.0,0.0,0.0,0.0
779,0.0,-2.075,649.64,0.0,0.0,0.0,0.0
780,0.0,2.175,365.43,0.0,0.0,0.0,0.0
781,0.0,0.703,373.32,0.0,0.0,0.0,0.0
782,0.0,-2.991,2138.09,0.0,0.0,0.0,0.0
783,0.0,-1.994,246.59,0.0,0.0,0.0,0.0
784,0.0,-2.861,1559.38,0.0,0.0,0.0,0.0
785,0.0,0.141,187.54,0.0,0.0,0.0,0.0
786,0.0,2.098,356.01,0.0,0.0,0.0,0.0
787,0.0,-1.543,882.18,0.0,0.0,0.0,0.0
788,0.0,-0.529,292.3,0.0,0.0,0.0,0.0
789,0.0,-2.212,435.47,0.0,0.0,0.0,0.0
790,0.0,1.011,752.15,0.0,0.0,0.0,0.0
791,0.0,-1.876,371.78,0.0,0.0,0.0,0.0
792,0.0,1.532,257.06,0.0,0.0,0.0,0.0
793,0.0,-1.182,69.95,0.0,0.0,0.0,0.0
794,0.0,2.584,569.06,0.0,0.0,0.0,0.0
795,0.0,2.893,2219.87,0.0,0.0,0.0,0.0
796,0.0,-1.519,582.19,0.0,0.0,0.0,0.0
797,0.0,-0.9,113.14,0.0,0.0,0.0,0.0
798,0.0,2.887,1104.09,0.0,0.0,0.0,0.0
799,0.0,-3.048,1306.58,0.0,0.0,0.0,0.0
800,0.0,-2.544,591.41,0.0,0.0,0.0,0.0
801,0.0,1.143,149.3,0.0,0.0,0.0,0.0
802,0.0,2.872,457.29,0.0,0.0,0.0,0.0
803,0.0,0.798,179.42,0.0,0.0,0.0,0.0
804,0.0,-2.181,136.03,0.0,0.0,0.0,0.0
805,0.0,1.396,516.44,0.0,0.0,0.0,0.0
806,0.0,-2.021,305.6,0.0,0.0,0.0,0.0
807,0.0,2.242,504.31,0.0,0.0,0.0,0.0
808,0.0,2.229,1830.32,0.0,0.0,0.0,0.0
809,0.0,1.179,2192.34,0.0,0.0,0.0,0.0
810,0.0,1.35,1016.24,0.0,0.0,0.0,0.0
811,0.0,-0.164,2274.67,0.0,0.0,0.0,0.0
812,0.0,-1.958,460.25,0.0,0.0,0.0,0.0
813,0.0,0.105,841.65,0.0,0.0,0.0,0.0
814,0.0,1.99,488.17,0.0,0.0,0.0,0.0
815,0.0,-1.391,536.7,0.0,0.0,0.0,0.0
816,0.0,-0.312,160.7,0.0,0.0,0.0,0.0
817,0.0,-2.968,507.52,0.0,0.0,0.0,0.0
818,0.0,-0.849,471.09,0.0,0.0,0.0,0.0
819,0.0,-0.204,488.87,0.0,0.0,0.0,0.0
820,0.0,-2.768,140.97,0.0,0.0,0.0,0.0
821,0.0,2.661,385.34,0.0,0.0,0.0,0.0
822,0.0,1.706,379.0,0.0,0.0,0.0,0.0
823,0.0,2.884,199.64,0.0,0.0,0.0,0.0
824,0.0,0.485,147.42,0.0,0.0,0.0,0.0
825,0.0,-2.845,1088.29,0.0,0.0,0.0,0.0
826,0.0,0.705,1080.41,0.0,0.0,0.0,0.0
827,0.0,-1.551,821.59,0.0,0.0,0.0,0.0
828,0.0,0.25,523.78,0.0,0.0,0.0,0.0
829,0.0,-1.728,149.25,0.0,0.0,0.0,0.0
830,0.0,-0.899,1595.03,0.0,0.0,0.0,0.0
831,0.0,-0.772,309.1,0.0,0.0,0.0,0.0
832,0.0,2.517,406.53,0.0,0.0,0.0,0.0
833,0.0,-0.761,722.92,0.0,0.0,0.0,0.0
834,0.0,0.469,59.04,0.0,0.0,0.0,0.0
835,0.0,-0.765,1391.49,0.0,0.0,0.0,0.0
836,0.0,0.899,48.95,0.0,0.0,0.0,0.0
837,0.0,-1.869,471.94,0.0,0.0,0.0,0.0
838,0.0,-0.489,723.26,0.0,0.0,0.0,0.0
839,0.0,2.388,627.45,0.0,0.0,0.0,0.0
840,0.0,0.137,181.72,0.0,0.0,0.0,0.0
841,0.0,1.889,56.94,0.0,0.0,0.0,0.0
842,0.0,1.064,638.25,0.0,0.0,0.0,0.0
843,0.0,0.752,219.46,0.0,0.0,0.0,0.0
844,0.0,0.286,211.25,0.0,0.0,0.0,0.0
845,0.0,-1.097,780.71,0.0,0.0,0.0,0.0
846,0.0,-0.664,272.11,0.0,0.0,0.0,0.0
847,0.0,0.034,251.71,0.0,0.0,0.0,0.0
848,0.0,-1.764,431.38,0.0,0.0,0.0,0.0
849,0.0,-2.445,234.25,0.0,0.0,0.0,0.0
850,0.0,-2.251,274.51,0.0,0.0,0.0,0.0
851,0.0,2.025,2000.75,0.0,0.0,0.0,0.0
852,0.0,1.839,108.34,0.0,0.0,0.0,0.0
853,0.0,-1.525,209.29,0.0,0.0,0.0,0.0
854,0.0,1.787,200.32,0.0,0.0,0.0,0.0
855,0.0,-2.499,99.28,0.0,0.0,0.0,0.0
856,0.0,-2.367,1434.24,0.0,0.0,0.0,0.0
857,0.0,2.449,504.19,0.0,0.0,0.0,0.0
858,0.0,-3.126,296.39,0.0,0.0,0.0,0.0
859,0.0,-0.811,70.12,0.0,0.0,0.0,0.0
860,0.0,1.554,1512.59,0.0,0.0,0.0,0.0
861,0.0,-1.459,170.61,0.0,0.0,0.0,0.0
862,0.0,-2.586,1499.56,0.0,0.0,0.0,0.0
863,0.0,2.728,691.94,0.0,0.0,0.0,0.0
864,0.0,2.432,1067.16,0.0,0.0,0.0,0.0
865,0.0,0.286,304.12,0.0,0.0,0.0,0.0
866,0.0,-2.905,540.47,0.0,0.0,0.0,0.0
867,0.0,-2.379,1765.81,0.0,0.0,0.0,0.0
868,0.0,0.89,128.23,0.0,0.0,0.0,0.0
869,0.0,0.524,38.46,0.0,0.0,0.0,0.0
870,0.0,-3.089,1513.62,0.0,0.0,0.0,0.0
871,0.0,-1.349,727.39,0.0,0.0,0.0,0.0
872,0.0,-0.741,939.18,0.0,0.0,0.0,0.0
873,0.0,-1.686,451.56,0.0,0.0,0.0,0.0
874,0.0,-2.164,226.68,0.0,0.0,0.0,0.0
875,0.0,-2.368,25.49,0.0,0.0,0.0,0.0
876,0.0,1.132,225.64,0.0,0.0,0.0,0.0
877,0.0,0.669,251.25,0.0,0.0,0.0,0.0
878,0.0,1.749,87.27,0.0,0.0,0.0,0.0
879,0.0,0.407,944.48,0.0,0.0,0.0,0.0
880,0.0,0.09,109.41,0.0,0.0,0.0,0.0
881,0.0,0.355,1385.91,0.0,0.0,0.0,0.0
882,0.0,-1.356,272.08,0.0,0.0,0.0,0.0
883,0.0,-2.992,321.86,0.0,0.0,0.0,0.0
884,0.0,1.308,973.52,0.0,0.0,0.0,0.0
885,0.0,-2.551,2515.56,0.0,0.0,0.0,0.0
886,0.0,1.707,206.3,0.0,0.0,0.0,0.0
887,0.0,1.507,245.58,0.0,0.0,0.0,0.0
888,0.0,0.915,812.42,0.0,0.0,0.0,0.0
889,0.0,-0.522,597.44,0.0,0.0,0.0,0.0
890,0.0,-0.176,200.16,0.0,0.0,0.0,0.0
891,0.0,-0.192,286.29,0.0,0.0,0.0,0.0
892,0.0,2.698,748.36,0.0,0.0,0.0,0.0
893,0.0,-2.576,116.93,0.0,0.0,0.0,0.0
894,0.0,0.273,144.21,0.0,0.0,0.0,0.0
895,0.0,-2.129,1878.46,0.0,0.0,0.0,0.0
896,0.0,-0.603,378.38,0.0,0.0,0.0,0.0
897,0.0,2.742,1930.15,0.0,0.0,0.0,0.0
898,0.0,-2.409,161.81,0.0,0.0,0.0,0.0
899,0.0,-1.839,2478.8,0.0,0.0,0.0,0.0
900,0.0,-2.23,209.07,0.0,0.0,0.0,0.0
901,0.0,-2.148,214.63,0.0,0.0,0.0,0.0
902,0.0,1.497,286.41,0.0,0.0,0.0,0.0
903,0.0,-2.188,957.03,0.0,0.0,0.0,0.0
904,0.0,0.063,188.72,0.0,0.0,0.0,0.0
905,0.0,-1.604,99.02,0.0,0.0,0.0,0.0
906,0.0,-0.991,342.51,0.0,0.0,0.0,0.0
907,0.0,0.633,195.43,0.0,0.0,0.0,0.0
908,0.0,0.55,130.25,0.0,0.0,0.0,0.0
909,0.0,-1.103,249.62,0.0,0.0,0.0,0.0
910,0.0,-1.658,224.65,0.0,0.0,0.0,0.0
911,0.0,-2.848,1092.47,0.0,0.0,0.0,0.0
912,0.0,-0.129,278.17,0.0,0.0,0.0,0.0
913,0.0,-0.022,5145.55,0.0,0.0,0.0,0.0
914,0.0,-2.319,1507.53,0.0,0.0,0.0,0.0
915,0.0,2.648,226.79,0.0,0.0,0.0,0.0
916,0.0,2.063,314.26,0.0,0.0,0.0,0.0
917,0.0,-1.376,547.25,0.0,0.0,0.0,0.0
918,0.0,0.997,658.38,0.0,0.0,0.0,0.0
919,0.0,-0.971,54.39,0.0,0.0,0.0,0.0
920,0.0,1.044,209.27,0.0,0.0,0.0,0.0
921,0.0,0.978,245.57,0.0,0.0,0.0,0.0
922,0.0,0.153,127.72,0.0,0.0,0.0,0.0
923,0.0,-2.384,822.64,0.0,0.0,0.0,0.0
924,0.0,1.368,275.72,0.0,0.0,0.0,0.0
925,0.0,-2.026,845.53,0.0,0.0,0.0,0.0
926,0.0,-0.266,220.0,0.0,0.0,0.0,0.0
927,0.0,-1.439,434.09,0.0,0.0,0.0,0.0
928,0.0,2.82,190.47,0.0,0.0,0.0,0.0
929,0.0,-1.659,337.06,0.0,0.0,0.0,0.0
930,0.0,2.869,42.01,0.0,0.0,0.0,0.0
931,0.0,-1.777,63.44,0.0,0.0,0.0,0.0
932,0.0,-3.136,576.03,0.0,0.0,0.0,0.0
933,0.0,0.06,596.32,0.0,0.0,0.0,0.0
934,0.0,-3.062,608.15,0.0,0.0,0.0,0.0
935,0.0,3.037,1300.46,0.0,0.0,0.0,0.0
936,0.0,-2.432,2291.36,0.0,0.0,0.0,0.0
937,0.0,2.438,404.53,0.0,0.0,0.0,0.0
938,0.0,-1.839,135.77,0.0,0.0,0.0,0.0
939,0.0,1.834,173.91,0.0,0.0,0.0,0.0
940,0.0,1.83,633.78,0.0,0.0,0.0,0.0
941,0.0,2.858,114.16,0.0,0.0,0.0,0.0
942,0.0,-0.856,2487.37,0.0,0.0,0.0,0.0
943,0.0,2.866,329.35,0.0,0.0,0.0,0.0
944,0.0,1.769,289.04,0.0,0.0,0.0,0.0
945,0.0,-1.436,2354.29,0.0,0.0,0.0,0.0
946,0.0,0.631,582.44,0.0,0.0,0.0,0.0
947,0.0,1.376,574.89,0.0,0.0,0.0,0.0
948,0.0,0.777,90.38,0.0,0.0,0.0,0.0
949,0.0,-0.025,2494.03,0.0,0.0,0.0,0.0
950,0.0,0.115,77.31,0.0,0.0,0.0,0.0
951,0.0,0.334,303.09,0.0,0.0,0.0,0.0
952,0.0,0.44,917.94,0.0,0.0,0.0,0.0
953,0.0,0.205,53.98,0.0,0.0,0.0,0.0
954,0.0,-0.504,1097.37,0.0,0.0,0.0,0.0
955,0.0,2.747,219.14,0.0,0.0,0.0,0.0
956,0.0,-1.399,17.32,0.0,0.0,0.0,0.0
957,0.0,-2.514,53.66,0.0,0.0,0.0,0.0
958,0.0,-2.747,244.44,0.0,0.0,0.0,0.0
959,0.0,0.076,295.09,0.0,0.0,0.0,0.0
960,0.0,-2.179,305.52,0.0,0.0,0.0,0.0
961,0.0,0.353,2627.08,0.0,0.0,0.0,0.0
962,0.0,0.89,1785.59,0.0,0.0,0.0,0.0
963,0.0,-1.246,48.0,0.0,0.0,0.0,0.0
964,0.0,-1.592,237.4,0.0,0.0,0.0,0.0
965,0.0,-1.242,1441.01,0.0,0.0,0.0,0.0
966,0.0,0.682,1160.26,0.0,0.0,0.0,0.0
967,0.0,0.113,237.63,0.0,0.0,0.0,0.0
968,0.0,0.588,45.49,0.0,0.0,0.0,0.0
969,0.0,-0.931,836.89,0.0,0.0,0.0,0.0
970,0.0,-2.049,102.19,0.0,0.0,0.0,0.0
971,0.0,2.575,437.89,0.0,0.0,0.0,0.0
972,0.0,-1.099,1585.58,0.0,0.0,0.0,0.0
973,0.0,-2.496,586.85,0.0,0.0,0.0,0.0
974,0.0,-1.707,277.51,0.0,0.0,0.0,0.0
975,0.0,-0.398,2434.15,0.0,0.0,0.0,0.0
976,0.0,-2.647,553.62,0.0,0.0,0.0,0.0
977,0.0,-0.745,68.86,0.0,0.0,0.0,0.0
978,0.0,2.991,188.5,0.0,0.0,0.0,0.0
979,0.0,-0.552,223.62,0.0,0.0,0.0,0.0
980,0.0,2.057,1741.69,0.0,0.0,0.0,0.0
981,0.0,0.88,103.81,0.0,0.0,0.0,0.0
982,0.0,-2.029,181.75,0.0,0.0,0.0,0.0
983,0.0,2.841,598.76,0.0,0.0,0.0,0.0
984,0.0,-0.862,2007.61,0.0,0.0,0.0,0.0
985,0.0,2.196,190.67,0.0,0.0,0.0,0.0
986,0.0,1.979,951.36,0.0,0.0,0.0,0.0
987,0.0,-1.534,843.69,0.0,0.0,0.0,0.0
988,0.0,-2.598,968.69,0.0,0.0,0.0,0.0
989,0.0,0.789,133.33,0.0,0.0,0.0,0.0
990,0.0,0.794,398.99,0.0,0.0,0.0,0.0
991,0.0,1.073,61.3,0.0,0.0,0.0,0.0
992,0.0,-1.199,54.68,0.0,0.0,0.0,0.0
993,0.0,1.936,2393.52,0.0,0.0,0.0,0.0
994,0.0,0.702,89.48,0.0,0.0,0.0,0.0
995,0.0,0.818,755.93,0.0,0.0,0.0,0.0
996,0.0,2.968,1082.49,0.0,0.0,0.0,0.0
997,0.0,-2.12,250.79,0.0,0.0,0.0,0.0
998,0.0,0.592,1550.41,0.0,0.0,0.0,0.0
999,0.0,-2.094,2303.69,0.0,0.0,0.0,0.0
1000,0.0,-0.584,130.01,0.0,0.0,0.0,0.0
1001,0.0,2.811,333.75,0.0,0.0,0.0,0.0
1002,0.0,2.596,442.74,0.0,0.0,0.0,0.0
1003,0.0,-2.868,400.25,0.0,0.0,0.0,0.0
1004,0.0,1.398,107.69,0.0,0.0,0.0,0.0
1005,0.0,-2.516,206.54,0.0,0.0,0.0,0.0
1006,0.0,1.212,2527.07,0.0,0.0,0.0,0.0
1007,0.0,1.475,2419.85,0.0,0.0,0.0,0.0
1008,0.0,2.947,1792.0,0.0,0.0,0.0,0.0
1009,0.0,-2.746,1563.4,0.0,0.0,0.0,0.0
1010,0.0,2.099,404.64,0.0,0.0,0.0,0.0
1011,0.0,-0.839,1902.53,0.0,0.0,0.0,0.0
1012,0.0,-0.823,3071.58,0.0,0.0,0.0,0.0
1013,0.0,-1.79,74.72,0.0,0.0,0.0,0.0
1014,0.0,-1.163,1825.16,0.0,0.0,0.0,0.0
1015,0.0,0.755,71.14,0.0,0.0,0.0,0.0
1016,0.0,0.845,362.19,0.0,0.0,0.0,0.0
1017,0.0,-0.498,2097.97,0.0,0.0,0.0,0.0
1018,0.0,1.609,78.24,0.0,0.0,0.0,0.0
1019,0.0,1.379,45.1,0.0,0.0,0.0,0.0
1020,0.0,-0.674,259.22,0.0,0.0,0.0,0.0
1021,0.0,2.978,268.66,0.0,0.0,0.0,0.0
1022,0.0,-0.111,557.86,0.0,0.0,0.0,0.0
1023,0.0,-2.207,570.6,0.0,0.0,0.0,0.0
1024,0.0,-0.879,1037.71,0.0,0.0,0.0,0.0
1025,0.0,-3.05,323.44,0.0,0.0,0.0,0.0
1026,0.0,0.02,593.59,0.0,0.0,0.0,0.0
1027,0.0,-0.076,381.31,0.0,0.0,0.0,0.0
1028,0.0,-2.197,294.16,0.0,0.0,0.0,0.0
1029,0.0,-2.704,4318.29,0.0,0.0,0.0,0.0
1030,0.0,0.613,53.3,0.0,0.0,0.0,0.0
1031,0.0,1.765,190.36,0.0,0.0,0.0,0.0
1032,0.0,-1.392,331.59,0.0,0.0,0.0,0.0
1033,0.0,-2.902,271.05,0.0,0.0,0.0,0.0
1034,0.0,-1.991,1431.48,0.0,0.0,0.0,0.0
1035,0.0,2.982,558.51,0.0,0.0,0.0,0.0
1036,0.0,-1.927,393.12,0.0,0.0,0.0,0.0
1037,0.0,2.906,747.01,0.0,0.0,0.0,0.0
1038,0.0,-1.675,335.02,0.0,0.0,0.0,0.0
1039,0.0,-2.242,1742.76,0.0,0.0,0.0,0.0
1040,0.0,-0.32,1714.01,0.0,0.0,0.0,0.0
1041,0.0,-1.994,328.36,0.0,0.0,0.0,0.0
1042,0.0,0.774,203.83,0.0,0.0,0.0,0.0
1043,0.0,-2.221,843.45,0.0,0.0,0.0,0.0
1044,0.0,-2.797,189.56,0.0,0.0,0.0,0.0
1045,0.0,2.463,290.58,0.0,0.0,0.0,0.0
1046,0.0,-0.758,588.1,0.0,0.0,0.0,0.0
1047,0.0,-0.09,512.12,0.0,0.0,0.0,0.0
1048,0.0,-0.825,132.92,0.0,0.0,0.0,0.0
1049,0.0,0.208,1068.77,0.0,0.0,0.0,0.0
1050,0.0,2.561,1220.35,0.0,0.0,0.0,0.0
1051,0.0,-2.262,1575.25,0.0,0.0,0.0,0.0
1052,0.0,2.131,298.78,0.0,0.0,0.0,0.0
1053,0.0,1.174,370.09,0.0,0.0,0.0,0.0
1054,0.0,1.71,216.61,0.0,0.0,0.0,0.0
1055,0.0,-0.745,441.19,0.0,0.0,0.0,0.0
1056,0.0,0.605,20.44,0.0,0.0,0.0,0.0
1057,0.0,-2.884,2849.56,0.0,0.0,0.0,0.0
1058,0.0,1.978,1154.37,0.0,0.0,0.0,0.0
1059,0.0,1.445,986.91,0.0,0.0,0.0,0.0
1060,0.0,0.881,24.52,0.0,0.0,0.0,0.0
1061,0.0,1.69,398.04,0.0,0.0,0.0,0.0
1062,0.0,0.639,304.92,0.0,0.0,0.0,0.0
1063,0.0,-0.942,81.06,0.0,0.0,0.0,0.0
1064,0.0,0.634,560.5,0.0,0.0,0.0,0.0
1065,0.0,1.152,1061.87,0.0,0.0,0.0,0.0
1066,0.0,2.317,157.5,0.0,0.0,0.0,0.0
1067,0.0,1.571,118.11,0.0,0.0,0.0,0.0
1068,0.0,2.955,94.7,0.0,0.0,0.0,0.0
1069,0.0,-2.091,1117.21,0.0,0.0,0.0,0.0
1070,0.0,2.072,939.83,0.0,0.0,0.0,0.0
1071,0.0,1.167,638.74,0.0,0.0,0.0,0.0
1072,0.0,-2.343,1191.55,0.0,0.0,0.0,0.0
1073,0.0,0.619,226.58,0.0,0.0,0.0,0.0
1074,0.0,2.592,37.21,0.0,0.0,0.0,0.0
1075,0.0,-1.201,628.13,0.0,0.0,0.0,0.0
1076,0.0,1.341,863.1,0.0,0.0,0.0,0.0
1077,0.0,2.681,1432.06,0.0,0.0,0.0,0.0
1078,0.0,2.085,997.22,0.0,0.0,0.0,0.0
1079,0.0,0.746,769.98,0.0,0.0,0.0,0.0
1080,0.0,-2.72,1684.8,0.0,0.0,0.0,0.0
1081,0.0,0.537,1051.82,0.0,0.0,0.0,0.0
1082,0.0,-0.707,1283.56,0.0,0.0,0.0,0.0
1083,0.0,2.765,928.47,0.0,0.0,0.0,0.0
1084,0.0,-3.06,947.29,0.0,0.0,0.0,0.0
1085,0.0,0.419,96.8,0.0,0.0,0.0,0.0
1086,0.0,2.33,515.51,0.0,0.0,0.0,0.0
1087,0.0,-0.75,326.61,0.0,0.0,0.0,0.0
1088,0.0,3.06,164.32,0.0,0.0,0.0,0.0
1089,0.0,-1.742,865.56,0.0,0.0,0.0,0.0
1090,0.0,-1.984,972.99,0.0,0.0,0.0,0.0
1091,0.0,-2.581,2664.44,0.0,0.0,0.0,0.0
1092,0.0,-1.333,333.99,0.0,0.0,0.0,0.0
1093,0.0,1.425,204.81,0.0,0.0,0.0,0.0
1094,0.0,-1.531,3685.59,0.0,0.0,0.0,0.0
1095,0.0,-0.428,570.07,0.0,0.0,0.0,0.0
1096,0.0,0.646,527.31,0.0,0.0,0.0,0.0
1097,0.0,0.842,352.25,0.0,0.0,0.0,0.0
1098,0.0,2.391,899.56,0.0,0.0,0.0,0.0
1099,0.0,-2.987,564.89,0.0,0.0,0.0,0.0
1100,0.0,0.562,154.35,0.0,0.0,0.0,0.0
1101,0.0,2.826,287.42,0.0,0.0,0.0,0.0
1102,0.0,0.578,292.25,0.0,0.0,0.0,0.0
1103,0.0,0.997,2222.34,0.0,0.0,0.0,0.0
1104,0.0,2.706,1688.75,0.0,0.0,0.0,0.0
1105,0.0,0.276,842.06,0.0,0.0,0.0,0.0
1106,0.0,-0.113,146.02,0.0,0.0,0.0,0.0
1107,0.0,2.338,394.67,0.0,0.0,0.0,0.0
1108,0.0,2.889,389.34,0.0,0.0,0.0,0.0
1109,0.0,2.162,189.74,0.0,0.0,0.0,0.0
1110,0.0,-2.148,163.93,0.0,0.0,0.0,0.0
1111,0.0,3.062,1904.51,0.0,0.0,0.0,0.0
1112,0.0,-2.401,194.1,0.0,0.0,0.0,0.0
1113,0.0,1.353,54.92,0.0,0.0,0.0,0.0
1114,0.0,-2.629,719.81,0.0,0.0,0.0,0.0
1115,0.0,0.543,437.47,0.0,0.0,0.0,0.0
1116,0.0,-0.951,121.12,0.0,0.0,0.0,0.0
1117,0.0,-0.681,1216.06,0.0,0.0,0.0,0.0
1118,0.0,1.688,84.12,0.0,0.0,0.0,0.0
1119,0.0,0.887,613.95,0.0,0.0,0.0,0.0
1120,0.0,-2.571,249.41,0.0,0.0,0.0,0.0
1121,0.0,-1.811,486.94,0.0,0.0,0.0,0.0
1122,0.0,2.477,387.2,0.0,0.0,0.0,0.0
1123,0.0,1.992,1161.24,0.0,0.0,0.0,0.0
1124,0.0,2.15,2632.22,0.0,0.0,0.0,0.0
1125,0.0,-1.701,63.99,0.0,0.0,0.0,0.0
1126,0.0,-0.1,121.68,0.0,0.0,0.0,0.0
1127,0.0,1.482,311.08,0.0,0.0,0.0,0.0
1128,0.0,1.331,1462.65,0.0,0.0,0.0,0.0
1129,0.0,1.837,165.72,0.0,0.0,0.0,0.0
1130,0.0,0.46,864.24,0.0,0.0,0.0,0.0
1131,0.0,-2.65,787.03,0.0,0.0,0.0,0.0
1132,0.0,-3.024,64.89,0.0,0.0,0.0,0.0
1133,0.0,-3.033,1769.45,0.0,0.0,0.0,0.0
1134,0.0,-0.964,1276.26,0.0,0.0,0.0,0.0
1135,0.0,-2.23,157.17,0.0,0.0,0.0,0.0
1136,0.0,-3.066,354.04,0.0,0.0,0.0,0.0
1137,0.0,-0.866,128.71,0.0,0.0,0.0,0.0
1138,0.0,-1.917,582.58,0.0,0.0,0.0,0.0
1139,0.0,1.898,429.14,0.0,0.0,0.0,0.0
1140,0.0,2.517,818.05,0.0,0.0,0.0,0.0
1141,0.0,0.914,229.02,0.0,0.0,0.0,0.0
1142,0.0,-2.492,790.34,0.0,0.0,0.0,0.0
1143,0.0,-1.053,344.15,0.0,0.0,0.0,0.0
1144,0.0,0.23,140.77,0.0,0.0,0.0,0.0
1145,0.0,-0.394,2018.37,0.0,0.0,0.0,0.0
1146,0.0,-0.161,1443.97,0.0,0.0,0.0,0.0
1147,0.0,-1.019,107.72,0.0,0.0,0.0,0.0
1148,0.0,0.846,557.09,0.0,0.0,0.0,0.0
1149,0.0,2.807,131.81,0.0,0.0,0.0,0.0
1150,0.0,-2.704,69.87,0.0,0.0,0.0,0.0
1151,0.0,1.77,2602.65,0.0,0.0,0.0,0.0
1152,0.0,-1.645,987.88,0.0,0.0,0.0,0.0
1153,0.0,2.845,159.98,0.0,0.0,0.0,0.0
1154,0.0,1.771,357.61,0.0,0.0,0.0,0.0
1155,0.0,2.402,53.65,0.0,0.0,0.0,0.0
1156,0.0,2.254,2355.24,0.0,0.0,0.0,0.0
1157,0.0,2.882,275.11,0.0,0.0,0.0,0.0
1158,0.0,-0.682,173.07,0.0,0.0,0.0,0.0
1159,0.0,1.738,2649.78,0.0,0.0,0.0,0.0
1160,0.0,-0.196,510.15,0.0,0.0,0.0,0.0
1161,0.0,-0.485,743.98,0.0,0.0,0.0,0.0
1162,0.0,-0.216,1373.75,0.0,0.0,0.0,0.0
1163,0.0,-0.422,3798.71,0.0,0.0,0.0,0.0
1164,0.0,2.296,1926.41,0.0,0.0,0.0,0.0
1165,0.0,-1.378,241.47,0.0,0.0,0.0,0.0
1166,0.0,0.892,36.29,0.0,0.0,0.0,0.0
1167,0.0,1.481,159.23,0.0,0.0,0.0,0.0
1168,0.0,-1.388,458.27,0.0,0.0,0.0,0.0
1169,0.0,-0.399,279.09,0.0,0.0,0.0,0.0
1170,0.0,-0.123,164.58,0.0,0.0,0.0,0.0
1171,0.0,0.372,1579.28,0.0,0.0,0.0,0.0
1172,0.0,-0.319,1471.39,0.0,0.0,0.0,0.0
1173,0.0,-2.92,1663.2,0.0,0.0,0.0,0.0
1174,0.0,-1.348,569.56,0.0,0.0,0.0,0.0
1175,0.0,0.595,314.87,0.0,0.0,0.0,0.0
1176,0.0,-2.063,555.98,0.0,0.0,0.0,0.0
1177,0.0,2.517,700.39,0.0,0.0,0.0,0.0
1178,0.0,2.458,56.05,0.0,0.0,0.0,0.0
1179,0.0,1.353,768.87,0.0,0.0,0.0,0.0
1180,0.0,2.609,361.53,0.0,0.0,0.0,0.0
1181,0.0,1.447,84.69,0.0,0.0,0.0,0.0
1182,0.0,0.477,1208.97,0.0,0.0,0.0,0.0
1183,0.0,-2.831,479.4,0.0,0.0,0.0,0.0
1184,0.0,2.48,173.25,0.0,0.0,0.0,0.0
1185,0.0,-2.279,431.97,0.0,0.0,0.0,0.0
1186,0.0,-1.091,376.6,0.0,0.0,0.0,0.0
1187,0.0,1.201,322.94,0.0,0.0,0.0,0.0
1188,0.0,2.725,151.57,0.0,0.0,0.0,0.0
1189,0.0,0.012,229.17,0.0,0.0,0.0,0.0
1190,0.0,2.3,332.78,0.0,0.0,0.0,0.0
1191,0.0,1.466,1892.8,0.0,0.0,0.0,0.0
1192,0.0,1.808,253.41,0.0,0.0,0.0,0.0
1193,0.0,0.951,333.05,0.0,0.0,0.0,0.0
1194,0.0,-2.045,386.32,0.0,0.0,0.0,0.0
1195,0.0,2.456,48.73,0.0,0.0,0.0,0.0
1196,0.0,-0.567,2214.64,0.0,0.0,0.0,0.0
1197,0.0,-2.856,357.23,0.0,0.0,0.0,0.0
1198,0.0,2.468,421.94,0.0,0.0,0.0,0.0
1199,0.0,2.802,940.41,0.0,0.0,0.0,0.0
1200,0.0,-0.679,16.39,0.0,0.0,0.0,0.0
1201,0.0,-1.74,589.82,0.0,0.0,0.0,0.0
1202,0.0,3.097,181.54,0.0,0.0,0.0,0.0
1203,0.0,-2.757,487.06,0.0,0.0,0.0,0.0
1204,0.0,0.322,394.15,0.0,0.0,0.0,0.0
1205,0.0,-2.814,103.8,0.0,0.0,0.0,0.0
1206,0.0,-2.085,842.97,0.0,0.0,0.0,0.0
1207,0.0,-2.244,273.26,0.0,0.0,0.0,0.0
1208,0.0,-0.33,142.52,0.0,0.0,0.0,0.0
1209,0.0,-2.152,589.86,0.0,0.0,0.0,0.0
1210,0.0,-0.15,756.17,0.0,0.0,0.0,0.0
1211,0.0,-2.184,301.03,0.0,0.0,0.0,0.0
1212,0.0,-2.383,2066.4,0.0,0.0,0.0,0.0
1213,0.0,-0.353,1691.43,0.0,0.0,0.0,0.0
1214,0.0,-2.593,413.37,0.0,0.0,0.0,0.0
1215,0.0,2.454,921.17,0.0,0.0,0.0,0.0
1216,0.0,-0.138,158.5,0.0,0.0,0.0,0.0
1217,0.0,1.519,1804.83,0.0,0.0,0.0,0.0
1218,0.0,-0.645,175.61,0.0,0.0,0.0,0.0
1219,0.0,3.035,1276.31,0.0,0.0,0.0,0.0
1220,0.0,3.114,349.75,0.0,0.0,0.0,0.0
1221,0.0,-1.328,335.42,0.0,0.0,0.0,0.0
1222,0.0,0.438,142.97,0.0,0.0,0.0,0.0
1223,0.0,2.456,414.53,0.0,0.0,0.0,0.0
1224,0.0,-2.079,172.35,0.0,0.0,0.0,0.0
1225,0.0,-0.122,534.04,0.0,0.0,0.0,0.0
1226,0.0,0.11,272.72,0.0,0.0,0.0,0.0
1227,0.0,2.554,171.5,0.0,0.0,0.0,0.0
1228,0.0,-2.84,224.51,0.0,0.0,0.0,0.0
1229,0.0,-2.273,1319.01,0.0,0.0,0.0,0.0
1230,0.0,2.826,123.54,0.0,0.0,0.0,0.0
1231,0.0,0.296,122.63,0.0,0.0,0.0,0.0
1232,0.0,1.667,59.92,0.0,0.0,0.0,0.0
1233,0.0,1.999,49.04,0.0,0.0,0.0,0.0
1234,0.0,0.536,450.78,0.0,0.0,0.0,0.0
1235,0.0,2.361,468.79,0.0,0.0,0.0,0.0
1236,0.0,-2.241,1946.62,0.0,0.0,0.0,0.0
1237,0.0,2.134,839.23,0.0,0.0,0.0,0.0
1238,0.0,0.09,23.63,0.0,0.0,0.0,0.0
1239,0.0,0.729,528.01,0.0,0.0,0.0,0.0
1240,0.0,-2.122,346.14,0.0,0.0,0.0,0.0
1241,0.0,1.304,587.37,0.0,0.0,0.0,0.0
1242,0.0,0.45,192.83,0.0,0.0,0.0,0.0
1243,0.0,-1.188,58.53,0.0,0.0,0.0,0.0
1244,0.0,1.064,146.16,0.0,0.0,0.0,0.0
1245,0.0,1.744,163.75,0.0,0.0,0.0,0.0
1246,0.0,-1.851,198.0,0.0,0.0,0.0,0.0
1247,0.0,-1.13,45.46,0.0,0.0,0.0,0.0
1248,0.0,-0.15,170.87,0.0,0.0,0.0,0.0
1249,0.0,1.846,1450.84,0.0,0.0,0.0,0.0
1250,0.0,-0.77,43.63,0.0,0.0,0.0,0.0
1251,0.0,-1.477,94.98,0.0,0.0,0.0,0.0
1252,0.0,1.14,658.73,0.0,0.0,0.0,0.0
1253,0.0,1.834,267.68,0.0,0.0,0.0,0.0
1254,0.0,-2.377,1499.63,0.0,0.0,0.0,0.0
1255,0.0,-1.32,360.04,0.0,0.0,0.0,0.0
1256,0.0,-2.175,366.15,0.0,0.0,0.0,0.0
1257,0.0,1.379,71.0,0.0,0.0,0.0,0.0
1258,0.0,1.696,1458.99,0.0,0.0,0.0,0.0
1259,0.0,1.174,643.14,0.0,0.0,0.0,0.0
1260,0.0,-1.129,423.2,0.0,0.0,0.0,0.0
1261,0.0,2.31,328.18,0.0,0.0,0.0,0.0
1262,0.0,0.103,253.48,0.0,0.0,0.0,0.0
1263,0.0,-2.506,1671.11,0.0,0.0,0.0,0.0
1264,0.0,-3.01,1819.16,0.0,0.0,0.0,0.0
1265,0.0,1.889,304.86,0.0,0.0,0.0,0.0
1266,0.0,-2.002,122.96,0.0,0.0,0.0,0.0
1267,0.0,2.548,989.53,0.0,0.0,0.0,0.0
1268,0.0,2.846,378.21,0.0,0.0,0.0,0.0
1269,0.0,0.641,757.88,0.0,0.0,0.0,0.0
1270,0.0,1.639,1939.74,0.0,0.0,0.0,0.0
1271,0.0,2.807,63.77,0.0,0.0,0.0,0.0
1272,0.0,-0.116,3794.82,0.0,0.0,0.0,0.0
1273,0.0,-2.377,152.36,0.0,0.0,0.0,0.0
1274,0.0,-2.723,1410.59,0.0,0.0,0.0,0.0
1275,0.0,2.091,10.72,0.0,0.0,0.0,0.0
1276,0.0,-3.043,1645.59,0.0,0.0,0.0,0.0
1277,0.0,-1.92,452.96,0.0,0.0,0.0,0.0
1278,0.0,2.106,223.65,0.0,0.0,0.0,0.0
1279,0.0,0.654,473.32,0.0,0.0,0.0,0.0
1280,0.0,-0.306,99.2,0.0,0.0,0.0,0.0
1281,0.0,-2.775,1804.88,0.0,0.0,0.0,0.0
1282,0.0,0.865,216.18,0.0,0.0,0.0,0.0
1283,0.0,2.198,212.72,0.0,0.0,0.0,0.0
1284,0.0,1.271,201.92,0.0,0.0,0.0,0.0
1285,0.0,2.727,644.18,0.0,0.0,0.0,0.0
1286,0.0,-0.804,64.53,0.0,0.0,0.0,0.0
1287,0.0,-2.006,40.56,0.0,0.0,0.0,0.0
1288,0.0,-2.463,33.91,0.0,0.0,0.0,0.0
1289,0.0,-3.004,214.52,0.0,0.0,0.0,0.0
1290,0.0,2.625,2215.8,0.0,0.0,0.0,0.0
1291,0.0,0.82,327.19,0.0,0.0,0.0,0.0
1292,0.0,-0.672,53.58,0.0,0.0,0.0,0.0
1293,0.0,2.934,728.58,0.0,0.0,0.0,0.0
1294,0.0,2.449,648.73,0.0,0.0,0.0,0.0
1295,0.0,-1.221,489.3,0.0,0.0,0.0,0.0
1296,0.0,-2.223,203.8,0.0,0.0,0.0,0.0
1297,0.0,-1.075,91.76,0.0,0.0,0.0,0.0
1298,0.0,-0.155,647.51,0.0,0.0,0.0,0.0
1299,0.0,1.186,269.47,0.0,0.0,0.0,0.0
1300,0.0,0.924,82.14,0.0,0.0,0.0,0.0
1301,0.0,-0.336,571.36,0.0,0.0,0.0,0.0
1302,0.0,2.966,1029.98,0.0,0.0,0.0,0.0
1303,0.0,0.218,72.35,0.0,0.0,0.0,0.0
1304,0.0,-1.125,292.82,0.0,0.0,0.0,0.0
1305,0.0,2.318,390.77,0.0,0.0,0.0,0.0
1306,0.0,-0.924,165.36,0.0,0.0,0.0,0.0
1307,0.0,-0.554,152.3,0.0,0.0,0.0,0.0
1308,0.0,2.95,788.84,0.0,0.0,0.0,0.0
1309,0.0,0.8,128.07,0.0,0.0,0.0,0.0
1310,0.0,-0.031,1332.68,0.0,0.0,0.0,0.0
1311,0.0,-1.558,380.77,0.0,0.0,0.0,0.0
1312,0.0,-0.596,1173.78,0.0,0.0,0.0,0.0
1313,0.0,-0.333,125.74,0.0,0.0,0.0,0.0
1314,0.0,-2.864,19.11,0.0,0.0,0.0,0.0
1315,0.0,-2.074,319.16,0.0,0.0,0.0,0.0
1316,0.0,-2.003,172.32,0.0,0.0,0.0,0.0
1317,0.0,-1.795,457.01,0.0,0.0,0.0,0.0
1318,0.0,1.198,252.94,0.0,0.0,0.0,0.0
1319,0.0,-2.911,176.06,0.0,0.0,0.0,0.0
1320,0.0,2.028,116.97,0.0,0.0,0.0,0.0
1321,0.0,-0.787,427.99,0.0,0.0,0.0,0.0
1322,0.0,3.052,1493.06,0.0,0.0,0.0,0.0
1323,0.0,-0.381,145.33,0.0,0.0,0.0,0.0
1324,0.0,-0.275,5.06,0.0,0.0,0.0,0.0
1325,0.0,1.883,570.42,0.0,0.0,0.0,0.0
1326,0.0,2.798,159.84,0.0,0.0,0.0,0.0
1327,0.0,-2.678,358.58,0.0,0.0,0.0,0.0
1328,0.0,-1.967,524.09,0.0,0.0,0.0,0.0
1329,0.0,0.571,76.4,0.0,0.0,0.0,0.0
1330,0.0,0.185,239.16,0.0,0.0,0.0,0.0
1331,0.0,-0.017,636.66,0.0,0.0,0.0,0.0
1332,0.0,-2.039,295.44,0.0,0.0,0.0,0.0
1333,0.0,-1.996,5.63,0.0,0.0,0.0,0.0
1334,0.0,1.148,93.74,0.0,0.0,0.0,0.0
1335,0.0,-1.41,588.44,0.0,0.0,0.0,0.0
1336,0.0,0.598,1994.03,0.0,0.0,0.0,0.0
1337,0.0,-1.564,1573.97,0.0,0.0,0.0,0.0
1338,0.0,-0.986,789.86,0.0,0.0,0.0,0.0
1339,0.0,0.093,531.03,0.0,0.0,0.0,0.0
1340,0.0,-1.894,315.73,0.0,0.0,0.0,0.0
1341,0.0,2.336,192.48,0.0,0.0,0.0,0.0
1342,0.0,-0.548,311.38,0.0,0.0,0.0,0.0
1343,0.0,-2.124,705.72,0.0,0.0,0.0,0.0
1344,0.0,2.894,282.78,0.0,0.0,0.0,0.0
1345,0.0,-1.424,283.18,0.0,0.0,0.0,0.0
1346,0.0,-2.478,278.88,0.0,0.0,0.0,0.0
1347,0.0,2.703,1624.82,0.0,0.0,0.0,0.0
1348,0.0,-3.033,62.04,0.0,0.0,0.0,0.0
1349,0.0,-2.965,2689.79,0.0,0.0,0.0,0.0
1350,0.0,2.398,1539.72,0.0,0.0,0.0,0.0
1351,0.0,2.999,373.06,0.0,0.0,0.0,0.0
1352,0.0,-0.28,140.25,0.0,0.0,0.0,0.0
1353,0.0,-0.194,2157.62,0.0,0.0,0.0,0.0
1354,0.0,2.525,371.31,0.0,0.0,0.0,0.0
1355,0.0,0.244,1300.62,0.0,0.0,0.0,0.0
1356,0.0,0.956,178.56,0.0,0.0,0.0,0.0
1357,0.0,2.985,484.82,0.0,0.0,0.0,0.0
1358,0.0,-2.738,541.73,0.0,0.0,0.0,0.0
1359,0.0,-2.913,592.88,0.0,0.0,0.0,0.0
1360,0.0,-3.122,2149.2,0.0,0.0,0.0,0.0
1361,0.0,1.831,1114.54,0.0,0.0,0.0,0.0
1362,0.0,1.207,193.08,0.0,0.0,0.0,0.0
1363,0.0,0.306,547.38,0.0,0.0,0.0,0.0
1364,0.0,-2.278,922.79,0.0,0.0,0.0,0.0
1365,0.0,-2.844,1118.15,0.0,0.0,0.0,0.0
1366,0.0,0.828,1876.75,0.0,0.0,0.0,0.0
1367,0.0,2.89,1907.51,0.0,0.0,0.0,0.0
1368,0.0,0.682,152.71,0.0,0.0,0.0,0.0
1369,0.0,-1.884,1412.44,0.0,0.0,0.0,0.0
1370,0.0,0.3,254.93,0.0,0.0,0.0,0.0
1371,0.0,0.737,1119.23,0.0,0.0,0.0,0.0
1372,0.0,-2.662,297.79,0.0,0.0,0.0,0.0
1373,0.0,-0.155,583.38,0.0,0.0,0.0,0.0
1374,0.0,-0.757,102.39,0.0,0.0,0.0,0.0
1375,0.0,-2.119,460.79,0.0,0.0,0.0,0.0
1376,0.0,-0.181,56.62,0.0,0.0,0.0,0.0
1377,0.0,0.259,480.86,0.0,0.0,0.0,0.0
1378,0.0,-2.398,1632.72,0.0,0.0,0.0,0.0
1379,0.0,-0.957,7.0,0.0,0.0,0.0,0.0
1380,0.0,-1.922,247.78,0.0,0.0,0.0,0.0
1381,0.0,2.67,212.03,0.0,0.0,0.0,0.0
1382,0.0,-0.546,1312.99,0.0,0.0,0.0,0.0
1383,0.0,2.864,758.1,0.0,0.0,0.0,0.0
1384,0.0,3.023,283.32,0.0,0.0,0.0,0.0
1385,0.0,2.816,234.48,0.0,0.0,0.0,0.0
1386,0.0,-1.703,117.57,0.0,0.0,0.0,0.0
1387,0.0,-0.516,351.49,0.0,0.0,0.0,0.0
1388,0.0,2.505,94.34,0.0,0.0,0.0,0.0
1389,0.0,0.795,135.03,0.0,0.0,0.0,0.0
1390,0.0,-0.366,245.09,0.0,0.0,0.0,0.0
1391,0.0,-2.906,1672.93,0.0,0.0,0.0,0.0
1392,0.0,-2.893,266.29,0.0,0.0,0.0,0.0
1393,0.0,-0.779,1098.66,0.0,0.0,0.0,0.0
1394,0.0,3.061,34.27,0.0,0.0,0.0,0.0
1395,0.0,-0.586,611.39,0.0,0.0,0.0,0.0
1396,0.0,-0.623,581.46,0.0,0.0,0.0,0.0
1397,0.0,0.312,1079.32,0.0,0.0,0.0,0.0
1398,0.0,-2.017,189.81,0.0,0.0,0.0,0.0
1399,0.0,-1.103,183.45,0.0,0.0,0.0,0.0
1400,0.0,2.888,245.02,0.0,0.0,0.0,0.0
1401,0.0,1.346,2977.41,0.0,0.0,0.0,0.0
1402,0.0,1.357,1940.09,0.0,0.0,0.0,0.0
1403,0.0,0.085,256.92,0.0,0.0,0.0,0.0
1404,0.0,-1.514,715.05,0.0,0.0,0.0,0.0
1405,0.0,0.293,106.35,0.0,0.0,0.0,0.0
1406,0.0,-2.307,907.09,0.0,0.0,0.0,0.0
1407,0.0,1.491,410.46,0.0,0.0,0.0,0.0
1408,0.0,2.524,82.01,0.0,0.0,0.0,0.0
1409,0.0,-1.411,176.69,0.0,0.0,0.0,0.0
1410,0.0,3.042,692.62,0.0,0.0,0.0,0.0
1411,0.0,0.901,242.75,0.0,0.0,0.0,0.0
1412,0.0,2.373,2276.19,0.0,0.0,0.0,0.0
1413,0.0,0.428,75.41,0.0,0.0,0.0,0.0
1414,0.0,-2.273,130.88,0.0,0.0,0.0,0.0
1415,0.0,0.352,414.26,0.0,0.0,0.0,0.0
1416,0.0,2.285,10.64,0.0,0.0,0.0,0.0
1417,0.0,0.667,98.53,0.0,0.0,0.0,0.0
1418,0.0,2.008,867.22,0.0,0.0,0.0,0.0
1419,0.0,0.29,2075.86,0.0,0.0,0.0,0.0
1420,0.0,-0.668,236.07,0.0,0.0,0.0,0.0
1421,0.0,-2.377,63.7,0.0,0.0,0.0,0.0
1422,0.0,1.11,1644.21,0.0,0.0,0.0,0.0
1423,0.0,-1.578,106.52,0.0,0.0,0.0,0.0
1424,0.0,0.065,166.59,0.0,0.0,0.0,0.0
1425,0.0,1.267,172.85,0.0,0.0,0.0,0.0
1426,0.0,-0.657,188.41,0.0,0.0,0.0,0.0
1427,0.0,2.46,2759.46,0.0,0.0,0.0,0.0
1428,0.0,-0.508,127.71,0.0,0.0,0.0,0.0
1429,0.0,0.84,2316.06,0.0,0.0,0.0,0.0
1430,0.0,0.416,1243.65,0.0,0.0,0.0,0.0
1431,0.0,-2.495,199.72,0.0,0.0,0.0,0.0
1432,0.0,-2.754,420.42,0.0,0.0,0.0,0.0
1433,0.0,-2.494,572.44,0.0,0.0,0.0,0.0
1434,0.0,-1.506,153.0,0.0,0.0,0.0,0.0
1435,0.0,-0.471,1109.49,0.0,0.0,0.0,0.0
1436,0.0,-0.863,414.29,0.0,0.0,0.0,0.0
1437,0.0,1.568,564.4,0.0,0.0,0.0,0.0
1438,0.0,-2.689,1573.69,0.0,0.0,0.0,0.0
1439,0.0,1.948,1813.49,0.0,0.0,0.0,0.0
1440,0.0,-2.205,123.26,0.0,0.0,0.0,0.0
1441,0.0,0.751,349.58,0.0,0.0,0.0,0.0
1442,0.0,-2.805,216.61,0.0,0.0,0.0,0.0
1443,0.0,-0.969,2160.23,0.0,0.0,0.0,0.0
1444,0.0,0.963,712.51,0.0,0.0,0.0,0.0
1445,0.0,-1.753,807.87,0.0,0.0,0.0,0.0
1446,0.0,-0.734,26.34,0.0,0.0,0.0,0.0
1447,0.0,1.919,120.64,0.0,0.0,0.0,0.0
1448,0.0,-0.201,1248.99,0.0,0.0,0.0,0.0
1449,0.0,2.057,171.31,0.0,0.0,0.0,0.0
1450,0.0,-2.708,956.17,0.0,0.0,0.0,0.0
1451,0.0,-0.449,643.59,0.0,0.0,0.0,0.0
1452,0.0,2.103,167.46,0.0,0.0,0.0,0.0
1453,0.0,-2.304,457.24,0.0,0.0,0.0,0.0
1454,0.0,0.586,103.0,0.0,0.0,0.0,0.0
1455,0.0,0.453,328.98,0.0,0.0,0.0,0.0
1456,0.0,-2.373,412.33,0.0,0.0,0.0,0.0
1457,0.0,0.252,270.82,0.0,0.0,0.0,0.0
1458,0.0,2.871,121.15,0.0,0.0,0.0,0.0
1459,0.0,1.414,1169.84,0.0,0.0,0.0,0.0
1460,0.0,2.099,159.13,0.0,0.0,0.0,0.0
1461,0.0,0.111,123.19,0.0,0.0,0.0,0.0
1462,0.0,-0.444,467.87,0.0,0.0,0.0,0.0
1463,0.0,0.589,142.29,0.0,0.0,0.0,0.0
1464,0.0,1.986,2281.02,0.0,0.0,0.0,0.0
1465,0.0,-0.33,30.09,0.0,0.0,0.0,0.0
1466,0.0,-1.538,665.07,0.0,0.0,0.0,0.0
1467,0.0,1.955,357.39,0.0,0.0,0.0,0.0
1468,0.0,0.438,375.12,0.0,0.0,0.0,0.0
1469,0.0,1.399,187.86,0.0,0.0,0.0,0.0
1470,0.0,-1.989,165.44,0.0,0.0,0.0,0.0
1471,0.0,-2.798,189.62,0.0,0.0,0.0,0.0
1472,0.0,-1.932,704.78,0.0,0.0,0.0,0.0
1473,0.0,-0.648,117.63,0.0,0.0,0.0,0.0
1474,0.0,1.568,233.66,0.0,0.0,0.0,0.0
1475,0.0,2.076,620.94,0.0,0.0,0.0,0.0
1476,0.0,-2.421,192.49,0.0,0.0,0.0,0.0
1477,0.0,2.376,89.58,0.0,0.0,0.0,0.0
1478,0.0,-2.297,368.41,0.0,0.0,0.0,0.0
1479,0.0,0.059,2229.89,0.0,0.0,0.0,0.0
1480,0.0,2.55,165.62,0.0,0.0,0.0,0.0
1481,0.0,-2.909,133.65,0.0,0.0,0.0,0.0
1482,0.0,-2.532,836.01,0.0,0.0,0.0,0.0
1483,0.0,-2.881,694.52,0.0,0.0,0.0,0.0
1484,0.0,2.981,2850.81,0.0,0.0,0.0,0.0
1485,0.0,-0.799,269.89,0.0,0.0,0.0,0.0
1486,0.0,2.171,235.96,0.0,0.0,0.0,0.0
1487,0.0,2.832,130.16,0.0,0.0,0.0,0.0
1488,0.0,1.563,586.78,0.0,0.0,0.0,0.0
1489,0.0,-2.064,1006.59,0.0,0.0,0.0,0.0
1490,0.0,2.187,245.94,0.0,0.0,0.0,0.0
1491,0.0,-0.999,1493.22,0.0,0.0,0.0,0.0
1492,0.0,2.389,538.12,0.0,0.0,0.0,0.0
1493,0.0,0.709,37.79,0.0,0.0,0.0,0.0
1494,0.0,1.266,689.19,0.0,0.0,0.0,0.0
1495,0.0,2.519,254.57,0.0,0.0,0.0,0.0
1496,0.0,-0.62,850.98,0.0,0.0,0.0,0.0
1497,0.0,-0.509,222.1,0.0,0.0,0.0,0.0
1498,0.0,2.419,116.35,0.0,0.0,0.0,0.0
1499,0.0,2.125,211.21,0.0,0.0,0.0,0.0
1500,0.0,-1.555,320.28,0.0,0.0,0.0,0.0
1501,0.0,1.861,183.8,0.0,0.0,0.0,0.0
1502,0.0,2.85,38.28,0.0,0.0,0.0,0.0
1503,0.0,2.821,462.42,0.0,0.0,0.0,0.0
1504,0.0,0.242,325.68,0.0,0.0,0.0,0.0
1505,0.0,-1.533,146.26,0.0,0.0,0.0,0.0
1506,0.0,-0.347,606.61,0.0,0.0,0.0,0.0
1507,0.0,2.191,1389.48,0.0,0.0,0.0,0.0
1508,0.0,-0.646,518.16,0.0,0.0,0.0,0.0
1509,0.0,2.437,1937.81,0.0,0.0,0.0,0.0
1510,0.0,-1.97,395.48,0.0,0.0,0.0,0.0
1511,0.0,2.718,82.62,0.0,0.0,0.0,0.0
1512,0.0,-1.652,1200.41,0.0,0.0,0.0,0.0
1513,0.0,-2.202,1839.38,0.0,0.0,0.0,0.0
1514,0.0,3.11,105.13,0.0,0.0,0.0,0.0
1515,0.0,-2.274,105.48,0.0,0.0,0.0,0.0
1516,0.0,-2.321,99.77,0.0,0.0,0.0,0.0
1517,0.0,1.495,502.46,0.0,0.0,0.0,0.0
1518,0.0,2.625,448.83,0.0,0.0,0.0,0.0
1519,0.0,-1.904,510.33,0.0,0.0,0.0,0.0
1520,0.0,-2.684,146.23,0.0,0.0,0.0,0.0
1521,0.0,-2.274,98.82,0.0,0.0,0.0,0.0
1522,0.0,0.768,606.15,0.0,0.0,0.0,0.0
1523,0.0,0.86,2724.65,0.0,0.0,0.0,0.0
1524,0.0,1.701,330.26,0.0,0.0,0.0,0.0
1525,0.0,-1.893,256.51,0.0,0.0,0.0,0.0
1526,0.0,0.899,316.7,0.0,0.0,0.0,0.0
1527,0.0,1.859,166.94,0.0,0.0,0.0,0.0
1528,0.0,0.265,3148.76,0.0,0.0,0.0,0.0
1529,0.0,0.096,1085.84,0.0,0.0,0.0,0.0
1530,0.0,-2.079,261.38,0.0,0.0,0.0,0.0
1531,0.0,1.718,177.68,0.0,0.0,0.0,0.0
1532,0.0,-1.771,371.4,0.0,0.0,0.0,0.0
1533,0.0,2.14,249.65,0.0,0.0,0.0,0.0
1534,0.0,-2.276,129.77,0.0,0.0,0.0,0.0
1535,0.0,-2.467,236.77,0.0,0.0,0.0,0.0
1536,0.0,-0.862,1247.8,0.0,0.0,0.0,0.0
1537,0.0,1.556,1192.13,0.0,0.0,0.0,0.0
1538,0.0,2.794,61.5,0.0,0.0,0.0,0.0
1539,0.0,3.087,902.81,0.0,0.0,0.0,0.0
1540,0.0,1.469,2530.38,0.0,0.0,0.0,0.0
1541,0.0,0.357,1537.0,0.0,0.0,0.0,0.0
1542,0.0,1.452,141.79,0.0,0.0,0.0,0.0
1543,0.0,-0.243,156.65,0.0,0.0,0.0,0.0
1544,0.0,1.464,3050.38,0.0,0.0,0.0,0.0
1545,0.0,-2.389,333.71,0.0,0.0,0.0,0.0
1546,0.0,2.612,189.6,0.0,0.0,0.0,0.0
1547,0.0,1.471,273.26,0.0,0.0,0.0,0.0
1548,0.0,3.051,862.88,0.0,0.0,0.0,0.0
1549,0.0,1.367,1164.95,0.0,0.0,0.0,0.0
1550,0.0,-0.797,185.76,0.0,0.0,0.0,0.0
1551,0.0,-0.53,564.08,0.0,0.0,0.0,0.0
1552,0.0,-0.279,672.18,0.0,0.0,0.0,0.0
1553,0.0,2.421,203.62,0.0,0.0,0.0,0.0
1554,0.0,-1.703,471.59,0.0,0.0,0.0,0.0
1555,0.0,1.768,348.21,0.0,0.0,0.0,0.0
1556,0.0,-1.315,1514.48,0.0,0.0,0.0,0.0
1557,0.0,-0.397,1648.84,0.0,0.0,0.0,0.0
1558,0.0,-1.034,77.94,0.0,0.0,0.0,0.0
1559,0.0,1.713,167.67,0.0,0.0,0.0,0.0
1560,0.0,-2.188,704.14,0.0,0.0,0.0,0.0
1561,0.0,-1.741,204.85,0.0,0.0,0.0,0.0
1562,0.0,-0.564,592.31,0.0,0.0,0.0,0.0
1563,0.0,-0.865,272.8,0.0,0.0,0.0,0.0
1564,0.0,-0.584,320.74,0.0,0.0,0.0,0.0
1565,0.0,-0.953,171.62,0.0,0.0,0.0,0.0
1566,0.0,2.968,379.89,0.0,0.0,0.0,0.0
1567,0.0,0.137,1330.15,0.0,0.0,0.0,0.0
1568,0.0,-1.657,43.89,0.0,0.0,0.0,0.0
1569,0.0,0.169,69.43,0.0,0.0,0.0,0.0
1570,0.0,-1.42,64.0,0.0,0.0,0.0,0.0
1571,0.0,-0.484,1086.58,0.0,0.0,0.0,0.0
1572,0.0,2.33,253.95,0.0,0.0,0.0,0.0
1573,0.0,0.682,370.29,0.0,0.0,0.0,0.0
1574,0.0,2.661,1706.51,0.0,0.0,0.0,0.0
1575,0.0,1.095,1076.14,0.0,0.0,0.0,0.0
1576,0.0,2.487,1451.62,0.0,0.0,0.0,0.0
1577,0.0,1.86,563.45,0.0,0.0,0.0,0.0
1578,0.0,-0.179,168.62,0.0,0.0,0.0,0.0
1579,0.0,-1.443,1076.78,0.0,0.0,0.0,0.0
1580,0.0,2.144,294.02,0.0,0.0,0.0,0.0
1581,0.0,1.105,175.51,0.0,0.0,0.0,0.0
1582,0.0,1.056,796.75,0.0,0.0,0.0,0.0
1583,0.0,-1.062,76.83,0.0,0.0,0.0,0.0
1584,0.0,-1.009,3094.67,0.0,0.0,0.0,0.0
1585,0.0,-2.568,706.33,0.0,0.0,0.0,0.0
1586,0.0,-1.377,125.21,0.0,0.0,0.0,0.0
1587,0.0,-2.258,293.55,0.0,0.0,0.0,0.0
1588,0.0,1.612,309.2,0.0,0.0,0.0,0.0
1589,0.0,2.117,181.59,0.0,0.0,0.0,0.0
1590,0.0,1.535,109.65,0.0,0.0,0.0,0.0
1591,0.0,-0.147,231.66,0.0,0.0,0.0,0.0
1592,0.0,-1.724,53.75,0.0,0.0,0.0,0.0
1593,0.0,0.817,85.69,0.0,0.0,0.0,0.0
1594,0.0,-0.238,946.05,0.0,0.0,0.0,0.0
1595,0.0,2.399,2294.4,0.0,0.0,0.0,0.0
1596,0.0,0.863,350.22,0.0,0.0,0.0,0.0
1597,0.0,-2.82,3325.0,0.0,0.0,0.0,0.0
1598,0.0,-1.493,124.99,0.0,0.0,0.0,0.0
1599,0.0,-2.924,832.59,0.0,0.0,0.0,0.0
1600,0.0,1.49,2400.36,0.0,0.0,0.0,0.0
1601,0.0,0.551,160.4,0.0,0.0,0.0,0.0
1602,0.0,-2.283,499.48,0.0,0.0,0.0,0.0
1603,0.0,-2.356,1248.21,0.0,0.0,0.0,0.0
1604,0.0,-1.314,465.15,0.0,0.0,0.0,0.0
1605,0.0,-1.765,1567.48,0.0,0.0,0.0,0.0
1606,0.0,1.855,244.85,0.0,0.0,0.0,0.0
1607,0.0,1.438,492.07,0.0,0.0,0.0,0.0
1608,0.0,1.314,340.56,0.0,0.0,0.0,0.0
1609,0.0,-1.54,393.32,0.0,0.0,0.0,0.0
1610,0.0,1.343,1451.87,0.0,0.0,0.0,0.0
1611,0.0,-1.993,1006.62,0.0,0.0,0.0,0.0
1612,0.0,2.644,526.47,0.0,0.0,0.0,0.0
1613,0.0,-0.902,218.88,0.0,0.0,0.0,0.0
1614,0.0,0.706,66.12,0.0,0.0,0.0,0.0
1615,0.0,-0.853,3730.7,0.0,0.0,0.0,0.0
1616,0.0,1.668,2561.84,0.0,0.0,0.0,0.0
1617,0.0,-2.756,49.49,0.0,0.0,0.0,0.0
1618,0.0,-0.566,64.69,0.0,0.0,0.0,0.0
1619,0.0,3.138,178.94,0.0,0.0,0.0,0.0
1620,0.0,0.208,295.73,0.0,0.0,0.0,0.0
1621,0.0,-0.506,175.09,0.0,0.0,0.0,0.0
1622,0.0,2.765,779.31,0.0,0.0,0.0,0.0
1623,0.0,-1.211,371.33,0.0,0.0,0.0,0.0
1624,0.0,1.907,373.99,0.0,0.0,0.0,0.0
1625,0.0,-1.151,646.24,0.0,0.0,0.0,0.0
1626,0.0,2.109,2020.72,0.0,0.0,0.0,0.0
1627,0.0,1.689,305.79,0.0,0.0,0.0,0.0
1628,0.0,-0.322,250.96,0.0,0.0,0.0,0.0
1629,0.0,1.74,303.72,0.0,0.0,0.0,0.0
1630,0.0,2.781,341.54,0.0,0.0,0.0,0.0
1631,0.0,-1.009,339.48,0.0,0.0,0.0,0.0
1632,0.0,-1.407,51.92,0.0,0.0,0.0,0.0
1633,0.0,-0.735,1565.89,0.0,0.0,0.0,0.0
1634,0.0,-0.189,260.19,0.0,0.0,0.0,0.0
1635,0.0,3.064,311.05,0.0,0.0,0.0,0.0
1636,0.0,-1.258,154.23,0.0,0.0,0.0,0.0
1637,0.0,-1.447,394.06,0.0,0.0,0.0,0.0
1638,0.0,-1.024,541.03,0.0,0.0,0.0,0.0
1639,0.0,-1.13,184.07,0.0,0.0,0.0,0.0
1640,0.0,-0.49,177.81,0.0,0.0,0.0,0.0
1641,0.0,0.419,49.35,0.0,0.0,0.0,0.0
1642,0.0,-2.586,323.65,0.0,0.0,0.0,0.0
1643,0.0,1.798,39.77,0.0,0.0,0.0,0.0
1644,0.0,2.695,111.9,0.0,0.0,0.0,0.0
1645,0.0,-0.448,507.23,0.0,0.0,0.0,0.0
1646,0.0,-1.346,138.43,0.0,0.0,0.0,0.0
1647,0.0,0.835,242.67,0.0,0.0,0.0,0.0
1648,0.0,2.566,94.61,0.0,0.0,0.0,0.0
1649,0.0,-1.43,1316.64,0.0,0.0,0.0,0.0
1650,0.0,1.322,770.38,0.0,0.0,0.0,0.0
1651,0.0,2.505,1023.8,0.0,0.0,0.0,0.0
1652,0.0,0.902,30.6,0.0,0.0,0.0,0.0
1653,0.0,-0.595,97.76,0.0,0.0,0.0,0.0
1654,0.0,3.06,84.68,0.0,0.0,0.0,0.0
1655,0.0,-2.477,89.97,0.0,0.0,0.0,0.0
1656,0.0,0.282,287.96,0.0,0.0,0.0,0.0
1657,0.0,-1.251,185.38,0.0,0.0,0.0,0.0
1658,0.0,-0.531,21.79,0.0,0.0,0.0,0.0
1659,0.0,1.007,630.88,0.0,0.0,0.0,0.0
1660,0.0,2.855,1000.07,0.0,0.0,0.0,0.0
1661,0.0,-2.864,301.7,0.0,0.0,0.0,0.0
1662,0.0,0.915,1285.75,0.0,0.0,0.0,0.0
1663,0.0,-2.974,405.58,0.0,0.0,0.0,0.0
1664,0.0,2.638,33.87,0.0,0.0,0.0,0.0
1665,0.0,-1.757,415.8,0.0,0.0,0.0,0.0
1666,0.0,1.736,342.1,0.0,0.0,0.0,0.0
1667,0.0,-2.556,543.94,0.0,0.0,0.0,0.0
1668,0.0,-1.945,226.28,0.0,0.0,0.0,0.0
1669,0.0,3.07,748.86,0.0,0.0,0.0,0.0
1670,0.0,3.006,485.27,0.0,0.0,0.0,0.0
1671,0.0,-1.658,784.24,0.0,0.0,0.0,0.0
1672,0.0,1.316,831.66,0.0,0.0,0.0,0.0
1673,0.0,1.922,240.1,0.0,0.0,0.0,0.0
1674,0.0,3.131,79.43,0.0,0.0,0.0,0.0
1675,0.0,0.541,926.51,0.0,0.0,0.0,0.0
1676,0.0,1.475,109.89,0.0,0.0,0.0,0.0
1677,0.0,-0.919,464.25,0.0,0.0,0.0,0.0
1678,0.0,-2.795,333.56,0.0,0.0,0.0,0.0
1679,0.0,2.002,385.42,0.0,0.0,0.0,0.0
1680,0.0,-2.299,37.63,0.0,0.0,0.0,0.0
1681,0.0,-0.509,1600.7,0.0,0.0,0.0,0.0
1682,0.0,-1.085,107.29,0.0,0.0,0.0,0.0
1683,0.0,-2.428,179.23,0.0,0.0,0.0,0.0
1684,0.0,1.878,1679.84,0.0,0.0,0.0,0.0
1685,0.0,1.147,293.43,0.0,0.0,0.0,0.0
1686,0.0,-2.922,474.59,0.0,0.0,0.0,0.0
1687,0.0,-2.252,1940.4,0.0,0.0,0.0,0.0
1688,0.0,2.856,59.83,0.0,0.0,0.0,0.0
1689,0.0,-2.189,325.09,0.0,0.0,0.0,0.0
1690,0.0,-2.089,59.89,0.0,0.0,0.0,0.0
1691,0.0,-0.389,146.24,0.0,0.0,0.0,0.0
1692,0.0,2.224,109.3,0.0,0.0,0.0,0.0
1693,0.0,1.338,628.62,0.0,0.0,0.0,0.0
1694,0.0,2.123,587.37,0.0,0.0,0.0,0.0
1695,0.0,2.728,150.94,0.0,0.0,0.0,0.0
1696,0.0,-2.92,1382.48,0.0,0.0,0.0,0.0
1697,0.0,-1.984,257.9,0.0,0.0,0.0,0.0
1698,0.0,1.627,315.41,0.0,0.0,0.0,0.0
1699,0.0,0.139,71.15,0.0,0.0,0.0,0.0
1700,0.0,-0.172,262.06,0.0,0.0,0.0,0.0
1701,0.0,-1.996,14.9,0.0,0.0,0.0,0.0
1702,0.0,3.133,125.48,0.0,0.0,0.0,0.0
1703,0.0,-2.743,439.77,0.0,0.0,0.0,0.0
1704,0.0,2.301,645.44,0.0,0.0,0.0,0.0
1705,0.0,0.536,354.77,0.0,0.0,0.0,0.0
1706,0.0,0.288,318.51,0.0,0.0,0.0,0.0
1707,0.0,2.191,486.12,0.0,0.0,0.0,0.0
1708,0.0,-1.197,105.53,0.0,0.0,0.0,0.0
1709,0.0,2.933,408.07,0.0,0.0,0.0,0.0
1710,0.0,2.115,262.67,0.0,0.0,0.0,0.0
1711,0.0,-1.958,584.96,0.0,0.0,0.0,0.0
1712,0.0,1.606,388.75,0.0,0.0,0.0,0.0
1713,0.0,-2.359,2743.85,0.0,0.0,0.0,0.0
1714,0.0,1.53,141.14,0.0,0.0,0.0,0.0
1715,0.0,-2.885,413.73,0.0,0.0,0.0,0.0
1716,0.0,2.997,236.17,0.0,0.0,0.0,0.0
1717,0.0,1.969,173.08,0.0,0.0,0.0,0.0
1718,0.0,0.665,428.43,0.0,0.0,0.0,0.0
1719,0.0,0.381,745.31,0.0,0.0,0.0,0.0
1720,0.0,0.298,258.87,0.0,0.0,0.0,0.0
1721,0.0,1.219,738.23,0.0,0.0,0.0,0.0
1722,0.0,-0.708,572.03,0.0,0.0,0.0,0.0
1723,0.0,-0.813,281.08,0.0,0.0,0.0,0.0
1724,0.0,-1.028,2216.53,0.0,0.0,0.0,0.0
1725,0.0,2.856,753.17,0.0,0.0,0.0,0.0
1726,0.0,-2.675,3194.91,0.0,0.0,0.0,0.0
1727,0.0,0.455,251.55,0.0,0.0,0.0,0.0
1728,0.0,1.04,99.23,0.0,0.0,0.0,0.0
1729,0.0,1.117,248.81,0.0,0.0,0.0,0.0
1730,0.0,-1.928,156.78,0.0,0.0,0.0,0.0
1731,0.0,2.31,2299.32,0.0,0.0,0.0,0.0
1732,0.0,-0.42,116.24,0.0,0.0,0.0,0.0
1733,0.0,2.989,461.63,0.0,0.0,0.0,0.0
1734,0.0,-3.009,1721.97,0.0,0.0,0.0,0.0
1735,0.0,-0.982,331.78,0.0,0.0,0.0,0.0
1736,0.0,-2.169,1120.67,0.0,0.0,0.0,0.0
1737,0.0,2.623,551.33,0.0,0.0,0.0,0.0
1738,0.0,2.993,729.78,0.0,0.0,0.0,0.0
1739,0.0,1.542,698.31,0.0,0.0,0.0,0.0
1740,0.0,-2.986,1253.35,0.0,0.0,0.0,0.0
1741,0.0,-2.032,275.8,0.0,0.0,0.0,0.0
1742,0.0,-0.776,172.11,0.0,0.0,0.0,0.0
1743,0.0,-0.359,34.15,0.0,0.0,0.0,0.0
1744,0.0,3.139,420.67,0.0,0.0,0.0,0.0
1745,0.0,-1.304,523.43,0.0,0.0,0.0,0.0
1746,0.0,-1.755,1341.37,0.0,0.0,0.0,0.0
1747,0.0,2.909,1039.37,0.0,0.0,0.0,0.0
1748,0.0,-2.531,260.93,0.0,0.0,0.0,0.0
1749,0.0,1.331,1147.02,0.0,0.0,0.0,0.0
1750,0.0,-1.162,559.18,0.0,0.0,0.0,0.0
1751,0.0,0.412,823.24,0.0,0.0,0.0,0.0
1752,0.0,-1.662,1594.66,0.0,0.0,0.0,0.0
1753,0.0,-1.05,949.98,0.0,0.0,0.0,0.0
1754,0.0,1.759,286.49,0.0,0.0,0.0,0.0
1755,0.0,0.279,1720.41,0.0,0.0,0.0,0.0
1756,0.0,-0.87,199.36,0.0,0.0,0.0,0.0
1757,0.0,-0.552,779.07,0.0,0.0,0.0,0.0
1758,0.0,-0.303,113.2,0.0,0.0,0.0,0.0
1759,0.0,1.959,161.54,0.0,0.0,0.0,0.0
1760,0.0,2.011,448.09,0.0,0.0,0.0,0.0
1761,0.0,-2.628,570.36,0.0,0.0,0.0,0.0
1762,0.0,0.697,543.25,0.0,0.0,0.0,0.0
1763,0.0,-0.716,1415.34,0.0,0.0,0.0,0.0
1764,0.0,-2.567,408.3,0.0,0.0,0.0,0.0
1765,0.0,-1.329,1460.31,0.0,0.0,0.0,0.0
1766,0.0,1.235,402.89,0.0,0.0,0.0,0.0
1767,0.0,0.712,176.24,0.0,0.0,0.0,0.0
1768,0.0,0.25,2320.52,0.0,0.0,0.0,0.0
1769,0.0,-2.28,2681.81,0.0,0.0,0.0,0.0
1770,0.0,0.338,457.67,0.0,0.0,0.0,0.0
1771,0.0,2.065,814.19,0.0,0.0,0.0,0.0
1772,0.0,1.713,604.83,0.0,0.0,0.0,0.0
1773,0.0,-3.121,169.73,0.0,0.0,0.0,0.0
1774,0.0,2.487,314.2,0.0,0.0,0.0,0.0
1775,0.0,1.459,3314.41,0.0,0.0,0.0,0.0
1776,0.0,-2.716,340.67,0.0,0.0,0.0,0.0
1777,0.0,-2.81,126.46,0.0,0.0,0.0,0.0
1778,0.0,2.606,192.61,0.0,0.0,0.0,0.0
1779,0.0,-2.531,760.99,0.0,0.0,0.0,0.0
1780,0.0,-2.291,63.38,0.0,0.0,0.0,0.0
1781,0.0,0.967,1073.63,0.0,0.0,0.0,0.0
1782,0.0,1.113,50.36,0.0,0.0,0.0,0.0
1783,0.0,-1.415,416.75,0.0,0.0,0.0,0.0
1784,0.0,-0.906,285.08,0.0,0.0,0.0,0.0
1785,0.0,0.852,106.58,0.0,0.0,0.0,0.0
1786,0.0,-2.741,462.86,0.0,0.0,0.0,0.0
1787,0.0,0.173,849.6,0.0,0.0,0.0,0.0
1788,0.0,-0.787,560.02,0.0,0.0,0.0,0.0
1789,0.0,1.753,201.06,0.0,0.0,0.0,0.0
1790,0.0,-1.346,243.12,0.0,0.0,0.0,0.0
1791,0.0,-2.877,195.24,0.0,0.0,0.0,0.0
1792,0.0,1.225,236.13,0.0,0.0,0.0,0.0
1793,0.0,3.015,3675.63,0.0,0.0,0.0,0.0
1794,0.0,2.362,2523.79,0.0,0.0,0.0,0.0
1795,0.0,-1.429,212.75,0.0,0.0,0.0,0.0
1796,0.0,-2.771,778.14,0.0,0.0,0.0,0.0
1797,0.0,-2.191,2240.68,0.0,0.0,0.0,0.0
1798,0.0,-0.697,1602.69,0.0,0.0,0.0,0.0
1799,0.0,2.778,1020.88,0.0,0.0,0.0,0.0
1800,0.0,3.121,320.02,0.0,0.0,0.0,0.0
1801,0.0,0.256,146.43,0.0,0.0,0.0,0.0
1802,0.0,-0.506,114.17,0.0,0.0,0.0,0.0
1803,0.0,-0.42,253.79,0.0,0.0,0.0,0.0
1804,0.0,1.649,518.97,0.0,0.0,0.0,0.0
1805,0.0,-2.974,127.41,0.0,0.0,0.0,0.0
1806,0.0,0.262,3718.4,0.0,0.0,0.0,0.0
1807,0.0,-2.89,650.04,0.0,0.0,0.0,0.0
1808,0.0,-1.116,401.13,0.0,0.0,0.0,0.0
1809,0.0,1.602,87.58,0.0,0.0,0.0,0.0
1810,0.0,-2.995,1381.04,0.0,0.0,0.0,0.0
1811,0.0,-0.446,69.13,0.0,0.0,0.0,0.0
1812,0.0,1.806,269.49,0.0,0.0,0.0,0.0
1813,0.0,-0.788,2060.23,0.0,0.0,0.0,0.0
1814,0.0,0.982,622.04,0.0,0.0,0.0,0.0
1815,0.0,-0.084,195.34,0.0,0.0,0.0,0.0
1816,0.0,2.247,581.78,0.0,0.0,0.0,0.0
1817,0.0,0.393,305.47,0.0,0.0,0.0,0.0
1818,0.0,1.933,168.61,0.0,0.0,0.0,0.0
1819,0.0,1.432,401.13,0.0,0.0,0.0,0.0
1820,0.0,0.514,1606.92,0.0,0.0,0.0,0.0
1821,0.0,-0.109,1464.89,0.0,0.0,0.0,0.0
1822,0.0,0.355,150.06,0.0,0.0,0.0,0.0
1823,0.0,-1.135,343.05,0.0,0.0,0.0,0.0
1824,0.0,0.893,578.77,0.0,0.0,0.0,0.0
1825,0.0,1.36,207.21,0.0,0.0,0.0,0.0
1826,0.0,-0.02,1290.59,0.0,0.0,0.0,0.0
1827,0.0,1.119,1862.71,0.0,0.0,0.0,0.0
1828,0.0,2.785,684.06,0.0,0.0,0.0,0.0
1829,0.0,0.686,1556.46,0.0,0.0,0.0,0.0
1830,0.0,-1.55,1486.68,0.0,0.0,0.0,0.0
1831,0.0,2.953,1961.02,0.0,0.0,0.0,0.0
1832,0.0,-2.966,157.03,0.0,0.0,0.0,0.0
1833,0.0,1.07,1006.95,0.0,0.0,0.0,0.0
1834,0.0,-1.8,915.67,0.0,0.0,0.0,0.0
1835,0.0,-1.736,449.97,0.0,0.0,0.0,0.0
1836,0.0,-1.663,47.83,0.0,0.0,0.0,0.0
1837,0.0,0.684,461.69,0.0,0.0,0.0,0.0
1838,0.0,1.45,401.43,0.0,0.0,0.0,0.0
1839,0.0,1.432,350.41,0.0,0.0,0.0,0.0
1840,0.0,-2.375,617.03,0.0,0.0,0.0,0.0
1841,0.0,2.028,1481.65,0.0,0.0,0.0,0.0
1842,0.0,-1.874,176.3,0.0,0.0,0.0,0.0
1843,0.0,0.207,267.71,0.0,0.0,0.0,0.0
1844,0.0,0.57,472.7,0.0,0.0,0.0,0.0
1845,0.0,-2.578,1808.82,0.0,0.0,0.0,0.0
1846,0.0,-1.184,1266.86,0.0,0.0,0.0,0.0
1847,0.0,0.667,290.5,0.0,0.0,0.0,0.0
1848,0.0,-2.158,94.0,0.0,0.0,0.0,0.0
1849,0.0,1.201,132.74,0.0,0.0,0.0,0.0
1850,0.0,-2.131,411.34,0.0,0.0,0.0,0.0
1851,0.0,2.845,930.78,0.0,0.0,0.0,0.0
1852,0.0,2.464,491.17,0.0,0.0,0.0,0.0
1853,0.0,-2.278,338.17,0.0,0.0,0.0,0.0
1854,0.0,-0.918,543.76,0.0,0.0,0.0,0.0
1855,0.0,2.606,2133.62,0.0,0.0,0.0,0.0
1856,0.0,-0.681,2037.96,0.0,0.0,0.0,0.0
1857,0.0,0.92,1234.52,0.0,0.0,0.0,0.0
1858,0.0,-0.926,1585.24,0.0,0.0,0.0,0.0
1859,0.0,-0.82,572.69,0.0,0.0,0.0,0.0
1860,0.0,0.009,2275.67,0.0,0.0,0.0,0.0
1861,0.0,2.734,71.09,0.0,0.0,0.0,0.0
1862,0.0,-0.913,943.18,0.0,0.0,0.0,0.0
1863,0.0,1.244,520.37,0.0,0.0,0.0,0.0
1864,0.0,0.939,202.23,0.0,0.0,0.0,0.0
1865,0.0,-1.181,279.9,0.0,0.0,0.0,0.0
1866,0.0,-0.113,104.66,0.0,0.0,0.0,0.0
1867,0.0,-2.497,310.79,0.0,0.0,0.0,0.0
1868,0.0,-0.579,334.5,0.0,0.0,0.0,0.0
1869,0.0,-1.754,203.37,0.0,0.0,0.0,0.0
1870,0.0,-0.96,295.9,0.0,0.0,0.0,0.0
1871,0.0,-1.186,301.24,0.0,0.0,0.0,0.0
1872,0.0,-1.76,682.47,0.0,0.0,0.0,0.0
1873,0.0,1.545,252.03,0.0,0.0,0.0,0.0
1874,0.0,0.968,231.39,0.0,0.0,0.0,0.0
1875,0.0,-2.928,1372.29,0.0,0.0,0.0,0.0
1876,0.0,0.147,727.0,0.0,0.0,0.0,0.0
1877,0.0,2.109,1782.6,0.0,0.0,0.0,0.0
1878,0.0,-2.219,81.8,0.0,0.0,0.0,0.0
1879,0.0,-0.528,2056.22,0.0,0.0,0.0,0.0
1880,0.0,2.22,930.36,0.0,0.0,0.0,0.0
1881,0.0,1.328,897.5,0.0,0.0,0.0,0.0
1882,0.0,2.393,210.61,0.0,0.0,0.0,0.0
1883,0.0,-0.351,767.66,0.0,0.0,0.0,0.0
1884,0.0,-1.414,449.77,0.0,0.0,0.0,0.0
1885,0.0,2.625,44.21,0.0,0.0,0.0,0.0
1886,0.0,-2.41,593.94,0.0,0.0,0.0,0.0
1887,0.0,1.528,577.25,0.0,0.0,0.0,0.0
1888,0.0,-1.752,824.22,0.0,0.0,0.0,0.0
1889,0.0,-1.082,1243.89,0.0,0.0,0.0,0.0
1890,0.0,-0.128,489.88,0.0,0.0,0.0,0.0
1891,0.0,2.014,294.51,0.0,0.0,0.0,0.0
1892,0.0,0.745,996.93,0.0,0.0,0.0,0.0
1893,0.0,2.706,1292.99,0.0,0.0,0.0,0.0
1894,0.0,2.215,250.95,0.0,0.0,0.0,0.0
1895,0.0,-2.353,1058.53,0.0,0.0,0.0,0.0
1896,0.0,1.274,80.98,0.0,0.0,0.0,0.0
1897,0.0,-2.863,1760.43,0.0,0.0,0.0,0.0
1898,0.0,-1.616,288.27,0.0,0.0,0.0,0.0
1899,0.0,1.028,425.29,0.0,0.0,0.0,0.0
1900,0.0,-1.084,353.95,0.0,0.0,0.0,0.0
1901,0.0,2.096,336.91,0.0,0.0,0.0,0.0
1902,0.0,-2.298,307.96,0.0,0.0,0.0,0.0
1903,0.0,-0.236,414.0,0.0,0.0,0.0,0.0
1904,0.0,2.0,713.33,0.0,0.0,0.0,0.0
1905,0.0,-2.923,51.66,0.0,0.0,0.0,0.0
1906,0.0,-2.071,169.17,0.0,0.0,0.0,0.0
1907,0.0,1.551,201.1,0.0,0.0,0.0,0.0
1908,0.0,1.195,496.54,0.0,0.0,0.0,0.0
1909,0.0,-2.711,1563.24,0.0,0.0,0.0,0.0
1910,0.0,-2.685,365.57,0.0,0.0,0.0,0.0
1911,0.0,-2.912,624.74,0.0,0.0,0.0,0.0
1912,0.0,0.332,204.86,0.0,0.0,0.0,0.0
1913,0.0,0.344,369.51,0.0,0.0,0.0,0.0
1914,0.0,1.559,272.05,0.0,0.0,0.0,0.0
1915,0.0,0.604,815.64,0.0,0.0,0.0,0.0
1916,0.0,2.71,250.38,0.0,0.0,0.0,0.0
1917,0.0,1.547,1295.32,0.0,0.0,0.0,0.0
1918,0.0,-2.193,26.41,0.0,0.0,0.0,0.0
1919,0.0,1.107,1116.78,0.0,0.0,0.0,0.0
1920,0.0,-0.514,193.23,0.0,0.0,0.0,0.0
1921,0.0,0.439,123.09,0.0,0.0,0.0,0.0
1922,0.0,0.757,194.69,0.0,0.0,0.0,0.0
1923,0.0,-2.503,432.45,0.0,0.0,0.0,0.0
1924,0.0,0.411,323.45,0.0,0.0,0.0,0.0
1925,0.0,0.085,123.15,0.0,0.0,0.0,0.0
1926,0.0,-2.908,1013.59,0.0,0.0,0.0,0.0
1927,0.0,-2.739,81.24,0.0,0.0,0.0,0.0
1928,0.0,1.021,599.77,0.0,0.0,0.0,0.0
1929,0.0,1.145,104.45,0.0,0.0,0.0,0.0
1930,0.0,1.932,1820.94,0.0,0.0,0.0,0.0
1931,0.0,2.676,31.1,0.0,0.0,0.0,0.0
1932,0.0,3.056,1414.26,0.0,0.0,0.0,0.0
1933,0.0,-0.542,569.11,0.0,0.0,0.0,0.0
1934,0.0,2.843,63.12,0.0,0.0,0.0,0.0
1935,0.0,1.083,243.13,0.0,0.0,0.0,0.0
1936,0.0,2.443,250.86,0.0,0.0,0.0,0.0
1937,0.0,1.568,629.35,0.0,0.0,0.0,0.0
1938,0.0,2.171,1273.58,0.0,0.0,0.0,0.0
1939,0.0,3.089,560.4,0.0,0.0,0.0,0.0
1940,0.0,-2.321,414.95,0.0,0.0,0.0,0.0
1941,0.0,1.698,398.22,0.0,0.0,0.0,0.0
1942,0.0,2.83,463.3,0.0,0.0,0.0,0.0
1943,0.0,2.173,79.27,0.0,0.0,0.0,0.0
1944,0.0,-2.568,711.83,0.0,0.0,0.0,0.0
1945,0.0,2.711,125.87,0.0,0.0,0.0,0.0
1946,0.0,2.724,136.48,0.0,0.0,0.0,0.0
1947,0.0,0.752,103.26,0.0,0.0,0.0,0.0
1948,0.0,1.368,135.55,0.0,0.0,0.0,0.0
1949,0.0,2.109,303.48,0.0,0.0,0.0,0.0
1950,0.0,1.354,328.67,0.0,0.0,0.0,0.0
1951,0.0,-1.101,375.85,0.0,0.0,0.0,0.0
1952,0.0,-1.992,711.09,0.0,0.0,0.0,0.0
1953,0.0,0.689,1494.43,0.0,0.0,0.0,0.0
1954,0.0,1.893,121.83,0.0,0.0,0.0,0.0
1955,0.0,-2.742,1271.74,0.0,0.0,0.0,0.0
1956,0.0,-2.174,3270.9,0.0,0.0,0.0,0.0
1957,0.0,1.729,162.26,0.0,0.0,0.0,0.0
1958,0.0,1.993,786.61,0.0,0.0,0.0,0.0
1959,0.0,-3.052,1533.43,0.0,0.0,0.0,0.0
1960,0.0,1.074,102.63,0.0,0.0,0.0,0.0
1961,0.0,1.621,526.73,0.0,0.0,0.0,0.0
1962,0.0,-0.728,381.89,0.0,0.0,0.0,0.0
1963,0.0,0.736,1136.63,0.0,0.0,0.0,0.0
1964,0.0,0.431,46.88,0.0,0.0,0.0,0.0
1965,0.0,1.083,154.65,0.0,0.0,0.0,0.0
1966,0.0,-2.255,201.38,0.0,0.0,0.0,0.0
1967,0.0,-0.534,197.67,0.0,0.0,0.0,0.0
1968,0.0,-1.994,415.18,0.0,0.0,0.0,0.0
1969,0.0,0.124,1551.32,0.0,0.0,0.0,0.0
1970,0.0,2.616,662.22,0.0,0.0,0.0,0.0
1971,0.0,2.653,566.9,0.0,0.0,0.0,0.0
1972,0.0,1.989,274.57,0.0,0.0,0.0,0.0
1973,0.0,1.511,942.32,0.0,0.0,0.0,0.0
1974,0.0,1.256,1195.16,0.0,0.0,0.0,0.0
1975,0.0,0.69,78.92,0.0,0.0,0.0,0.0
1976,0.0,-1.291,1646.75,0.0,0.0,0.0,0.0
1977,0.0,-1.655,180.42,0.0,0.0,0.0,0.0
1978,0.0,-0.7,1304.55,0.0,0.0,0.0,0.0
1979,0.0,-1.992,914.69,0.0,0.0,0.0,0.0
1980,0.0,-2.744,218.7,0.0,0.0,0.0,0.0
1981,0.0,1.393,128.54,0.0,0.0,0.0,0.0
1982,0.0,0.678,537.54,0.0,0.0,0.0,0.0
1983,0.0,2.417,226.57,0.0,0.0,0.0,0.0
1984,0.0,2.283,644.03,0.0,0.0,0.0,0.0
1985,0.0,-1.819,183.74,0.0,0.0,0.0,0.0
1986,0.0,1.875,394.74,0.0,0.0,0.0,0.0
1987,0.0,-0.908,881.88,0.0,0.0,0.0,0.0
1988,0.0,-0.802,316.97,0.0,0.0,0.0,0.0
1989,0.0,-1.226,2013.13,0.0,0.0,0.0,0.0
1990,0.0,2.399,418.32,0.0,0.0,0.0,0.0
1991,0.0,-2.857,83.14,0.0,0.0,0.0,0.0
1992,0.0,2.589,509.14,0.0,0.0,0.0,0.0
1993,0.0,-3.024,14.12,0.0,0.0,0.0,0.0
1994,0.0,-0.16,451.05,0.0,0.0,0.0,0.0
1995,0.0,0.052,146.09,0.0,0.0,0.0,0.0
1996,0.0,2.952,1028.18,0.0,0.0,0.0,0.0
1997,0.0,2.282,211.35,0.0,0.0,0.0,0.0
1998,0.0,-0.712,439.69,0.0,0.0,0.0,0.0
1999,0.0,-0.711,2112.51,0.0,0.0,0.0,0.0
2000,0.0,0.515,213.03,0.0,0.0,0.0,0.0
2001,0.0,-1.925,324.3,0.0,0.0,0.0,0.0
2002,0.0,-2.933,53.68,0.0,0.0,0.0,0.0
2003,0.0,2.977,205.5,0.0,0.0,0.0,0.0
2004,0.0,0.166,365.16,0.0,0.0,0.0,0.0
2005,0.0,0.427,576.43,0.0,0.0,0.0,0.0
2006,0.0,-1.574,504.56,0.0,0.0,0.0,0.0
2007,0.0,1.502,755.92,0.0,0.0,0.0,0.0
2008,0.0,1.031,319.01,0.0,0.0,0.0,0.0
2009,0.0,3.07,2285.2,0.0,0.0,0.0,0.0
2010,0.0,1.056,1093.71,0.0,0.0,0.0,0.0
2011,0.0,-0.861,464.35,0.0,0.0,0.0,0.0
2012,0.0,2.097,1177.69,0.0,0.0,0.0,0.0
2013,0.0,3.009,446.67,0.0,0.0,0.0,0.0
2014,0.0,-1.037,198.75,0.0,0.0,0.0,0.0
2015,0.0,0.722,1552.35,0.0,0.0,0.0,0.0
2016,0.0,2.787,358.2,0.0,0.0,0.0,0.0
2017,0.0,2.719,849.03,0.0,0.0,0.0,0.0
2018,0.0,-1.617,176.78,0.0,0.0,0.0,0.0
2019,0.0,-2.722,1451.6,0.0,0.0,0.0,0.0
2020,0.0,-1.757,209.73,0.0,0.0,0.0,0.0
2021,0.0,-0.06,315.73,0.0,0.0,0.0,0.0
2022,0.0,1.122,496.55,0.0,0.0,0.0,0.0
2023,0.0,2.82,2939.07,0.0,0.0,0.0,0.0
2024,0.0,-1.707,214.77,0.0,0.0,0.0,0.0
2025,0.0,-0.394,1840.1,0.0,0.0,0.0,0.0
2026,0.0,-2.518,1349.12,0.0,0.0,0.0,0.0
2027,0.0,-0.291,706.53,0.0,0.0,0.0,0.0
2028,0.0,2.094,269.64,0.0,0.0,0.0,0.0
2029,0.0,-2.923,2437.11,0.0,0.0,0.0,0.0
2030,0.0,0.772,150.63,0.0,0.0,0.0,0.0
2031,0.0,-2.134,914.89,0.0,0.0,0.0,0.0
2032,0.0,2.968,794.03,0.0,0.0,0.0,0.0
2033,0.0,1.868,1554.72,0.0,0.0,0.0,0.0
2034,0.0,1.758,293.57,0.0,0.0,0.0,0.0
2035,0.0,-2.926,470.46,0.0,0.0,0.0,0.0
2036,0.0,1.262,598.87,0.0,0.0,0.0,0.0
2037,0.0,-1.573,883.04,0.0,0.0,0.0,0.0
2038,0.0,-0.74,185.93,0.0,0.0,0.0,0.0
2039,0.0,-1.764,150.56,0.0,0.0,0.0,0.0
2040,0.0,-0.275,485.79,0.0,0.0,0.0,0.0
2041,0.0,-1.827,24.32,0.0,0.0,0.0,0.0
2042,0.0,-0.591,825.27,0.0,0.0,0.0,0.0
2043,0.0,-2.448,228.89,0.0,0.0,0.0,0.0
2044,0.0,-0.187,577.15,0.0,0.0,0.0,0.0
2045,0.0,-3.04,1347.39,0.0,0.0,0.0,0.0
2046,0.0,0.908,225.85,0.0,0.0,0.0,0.0
2047,0.0,-2.093,511.09,0.0,0.0,0.0,0.0
2048,0.0,-0.404,346.9,0.0,0.0,0.0,0.0
2049,0.0,-2.988,393.69,0.0,0.0,0.0,0.0
2050,0.0,-0.79,320.74,0.0,0.0,0.0,0.0
2051,0.0,2.432,44.26,0.0,0.0,0.0,0.0
2052,0.0,1.623,247.66,0.0,0.0,0.0,0.0
2053,0.0,-2.823,210.05,0.0,0.0,0.0,0.0
2054,0.0,-0.932,1241.74,0.0,0.0,0.0,0.0
2055,0.0,-2.384,1070.5,0.0,0.0,0.0,0.0
2056,0.0,2.865,59.91,0.0,0.0,0.0,0.0
2057,0.0,-2.394,138.53,0.0,0.0,0.0,0.0
2058,0.0,-2.459,1745.8,0.0,0.0,0.0,0.0
2059,0.0,0.138,1726.42,0.0,0.0,0.0,0.0
2060,0.0,1.581,405.46,0.0,0.0,0.0,0.0
2061,0.0,-1.891,168.83,0.0,0.0,0.0,0.0
2062,0.0,-0.362,93.63,0.0,0.0,0.0,0.0
2063,0.0,0.125,333.35,0.0,0.0,0.0,0.0
2064,0.0,-1.669,155.18,0.0,0.0,0.0,0.0
2065,0.0,1.64,1693.7,0.0,0.0,0.0,0.0
2066,0.0,-1.916,1213.72,0.0,0.0,0.0,0.0
2067,0.0,-2.559,1111.84,0.0,0.0,0.0,0.0
2068,0.0,2.106,391.62,0.0,0.0,0.0,0.0
2069,0.0,0.852,301.89,0.0,0.0,0.0,0.0
2070,0.0,1.155,295.38,0.0,0.0,0.0,0.0
2071,0.0,-1.204,340.93,0.0,0.0,0.0,0.0
2072,0.0,-0.386,161.61,0.0,0.0,0.0,0.0
2073,0.0,3.085,1082.97,0.0,0.0,0.0,0.0
2074,0.0,-2.188,15.96,0.0,0.0,0.0,0.0
2075,0.0,-2.768,439.84,0.0,0.0,0.0,0.0
2076,0.0,1.693,417.91,0.0,0.0,0.0,0.0
2077,0.0,1.353,1065.93,0.0,0.0,0.0,0.0
2078,0.0,-1.593,689.07,0.0,0.0,0.0,0.0
2079,0.0,-1.514,2893.75,0.0,0.0,0.0,0.0
2080,0.0,-0.049,880.43,0.0,0.0,0.0,0.0
2081,0.0,2.164,318.34,0.0,0.0,0.0,0.0
2082,0.0,2.422,154.94,0.0,0.0,0.0,0.0
2083,0.0,-0.352,531.7,0.0,0.0,0.0,0.0
2084,0.0,-2.106,2728.64,0.0,0.0,0.0,0.0
2085,0.0,2.508,690.32,0.0,0.0,0.0,0.0
2086,0.0,1.227,227.26,0.0,0.0,0.0,0.0
2087,0.0,2.185,2554.67,0.0,0.0,0.0,0.0
2088,0.0,2.292,77.06,0.0,0.0,0.0,0.0
2089,0.0,0.468,879.29,0.0,0.0,0.0,0.0
2090,0.0,2.344,251.7,0.0,0.0,0.0,0.0
2091,0.0,-2.31,643.09,0.0,0.0,0.0,0.0
2092,0.0,0.64,980.44,0.0,0.0,0.0,0.0
2093,0.0,0.6,277.55,0.0,0.0,0.0,0.0
2094,0.0,1.261,1019.65,0.0,0.0,0.0,0.0
2095,0.0,-2.949,532.77,0.0,0.0,0.0,0.0
2096,0.0,-0.943,188.27,0.0,0.0,0.0,0.0
2097,0.0,-2.367,90.38,0.0,0.0,0.0,0.0
2098,0.0,0.281,146.46,0.0,0.0,0.0,0.0
2099,0.0,0.461,341.96,0.0,0.0,0.0,0.0
2100,0.0,2.669,339.35,0.0,0.0,0.0,0.0
2101,0.0,1.284,1050.15,0.0,0.0,0.0,0.0
2102,0.0,1.238,130.62,0.0,0.0,0.0,0.0
2103,0.0,0.229,1633.94,0.0,0.0,0.0,0.0
2104,0.0,1.062,70.74,0.0,0.0,0.0,0.0
2105,0.0,1.451,1251.31,0.0,0.0,0.0,0.0
2106,0.0,0.495,102.29,0.0,0.0,0.0,0.0
2107,0.0,2.917,496.51,0.0,0.0,0.0,0.0
2108,0.0,-2.755,108.25,0.0,0.0,0.0,0.0
2109,0.0,-1.14,694.14,0.0,0.0,0.0,0.0
2110,0.0,2.145,164.01,0.0,0.0,0.0,0.0
2111,0.0,2.856,1575.02,0.0,0.0,0.0,0.0
2112,0.0,-1.565,414.78,0.0,0.0,0.0,0.0
2113,0.0,1.607,1033.24,0.0,0.0,0.0,0.0
2114,0.0,-1.885,102.27,0.0,0.0,0.0,0.0
2115,0.0,-0.228,2362.77,0.0,0.0,0.0,0.0
2116,0.0,-0.474,3528.9,0.0,0.0,0.0,0.0
2117,0.0,-2.52,62.88,0.0,0.0,0.0,0.0
2118,0.0,-1.787,1940.95,0.0,0.0,0.0,0.0
2119,0.0,2.418,16.5,0.0,0.0,0.0,0.0
2120,0.0,1.881,516.72,0.0,0.0,0.0,0.0
2121,0.0,2.738,2363.72,0.0,0.0,0.0,0.0
2122,0.0,-2.253,443.41,0.0,0.0,0.0,0.0
2123,0.0,2.286,1804.25,0.0,0.0,0.0,0.0
2124,0.0,-1.878,85.46,0.0,0.0,0.0,0.0
2125,0.0,-1.595,829.21,0.0,0.0,0.0,0.0
2126,0.0,-1.762,465.8,0.0,0.0,0.0,0.0
2127,0.0,0.874,637.41,0.0,0.0,0.0,0.0
2128,0.0,0.707,161.33,0.0,0.0,0.0,0.0
2129,0.0,-1.865,231.43,0.0,0.0,0.0,0.0
2130,0.0,-0.218,613.12,0.0,0.0,0.0,0.0
2131,0.0,-2.936,1645.63,0.0,0.0,0.0,0.0
2132,0.0,-2.536,2731.11,0.0,0.0,0.0,0.0
2133,0.0,1.384,302.93,0.0,0.0,0.0,0.0
2134,0.0,2.829,101.52,0.0,0.0,0.0,0.0
2135,0.0,2.568,495.99,0.0,0.0,0.0,0.0
2136,0.0,-2.671,270.45,0.0,0.0,0.0,0.0
2137,0.0,0.552,129.71,0.0,0.0,0.0,0.0
2138,0.0,-2.571,197.87,0.0,0.0,0.0,0.0
2139,0.0,1.934,534.04,0.0,0.0,0.0,0.0
2140,0.0,0.784,1278.74,0.0,0.0,0.0,0.0
2141,0.0,-0.062,65.9,0.0,0.0,0.0,0.0
2142,0.0,0.53,3838.08,0.0,0.0,0.0,0.0
2143,0.0,-3.089,2811.3,0.0,0.0,0.0,0.0
2144,0.0,-2.721,92.84,0.0,0.0,0.0,0.0
2145,0.0,-3.028,377.79,0.0,0.0,0.0,0.0
2146,0.0,2.26,1006.78,0.0,0.0,0.0,0.0
2147,0.0,0.436,1547.1,0.0,0.0,0.0,0.0
2148,0.0,2.35,595.18,0.0,0.0,0.0,0.0
2149,0.0,0.953,2888.42,0.0,0.0,0.0,0.0
2150,0.0,-0.046,467.74,0.0,0.0,0.0,0.0
2151,0.0,-1.536,106.51,0.0,0.0,0.0,0.0
2152,0.0,3.02,355.16,0.0,0.0,0.0,0.0
2153,0.0,-0.998,373.45,0.0,0.0,0.0,0.0
2154,0.0,0.725,45.97,0.0,0.0,0.0,0.0
2155,0.0,-2.783,194.03,0.0,0.0,0.0,0.0
2156,0.0,0.567,197.03,0.0,0.0,0.0,0.0
2157,0.0,-0.952,216.22,0.0,0.0,0.0,0.0
2158,0.0,-0.587,385.27,0.0,0.0,0.0,0.0
2159,0.0,-2.163,1492.61,0.0,0.0,0.0,0.0
2160,0.0,1.643,385.36,0.0,0.0,0.0,0.0
2161,0.0,-1.491,256.58,0.0,0.0,0.0,0.0
2162,0.0,0.02,960.62,0.0,0.0,0.0,0.0
2163,0.0,1.015,171.55,0.0,0.0,0.0,0.0
2164,0.0,1.806,169.75,0.0,0.0,0.0,0.0
2165,0.0,-2.947,773.26,0.0,0.0,0.0,0.0
2166,0.0,0.288,809.6,0.0,0.0,0.0,0.0
2167,0.0,-2.653,112.3,0.0,0.0,0.0,0.0
2168,0.0,1.552,837.98,0.0,0.0,0.0,0.0
2169,0.0,-1.254,302.17,0.0,0.0,0.0,0.0
2170,0.0,2.155,785.4,0.0,0.0,0.0,0.0
2171,0.0,1.953,256.76,0.0,0.0,0.0,0.0
2172,0.0,0.643,92.07,0.0,0.0,0.0,0.0
2173,0.0,-1.69,400.2,0.0,0.0,0.0,0.0
2174,0.0,-2.484,1090.15,0.0,0.0,0.0,0.0
2175,0.0,0.079,491.31,0.0,0.0,0.0,0.0
2176,0.0,1.364,1424.81,0.0,0.0,0.0,0.0
2177,0.0,0.21,1185.67,0.0,0.0,0.0,0.0
2178,0.0,2.556,609.38,0.0,0.0,0.0,0.0
2179,0.0,-1.953,421.98,0.0,0.0,0.0,0.0
2180,0.0,0.902,667.98,0.0,0.0,0.0,0.0
2181,0.0,0.981,577.02,0.0,0.0,0.0,0.0
2182,0.0,-2.725,181.51,0.0,0.0,0.0,0.0
2183,0.0,2.3,888.58,0.0,0.0,0.0,0.0
2184,0.0,-2.08,921.09,0.0,0.0,0.0,0.0
2185,0.0,2.118,1230.33,0.0,0.0,0.0,0.0
2186,0.0,-2.19,588.31,0.0,0.0,0.0,0.0
2187,0.0,-1.229,519.26,0.0,0.0,0.0,0.0
2188,0.0,2.822,122.99,0.0,0.0,0.0,0.0
2189,0.0,1.931,2798.89,0.0,0.0,0.0,0.0
2190,0.0,0.734,284.35,0.0,0.0,0.0,0.0
2191,0.0,2.821,1010.59,0.0,0.0,0.0,0.0
2192,0.0,-0.256,1318.68,0.0,0.0,0.0,0.0
2193,0.0,-0.148,105.87,0.0,0.0,0.0,0.0
2194,0.0,-3.085,174.26,0.0,0.0,0.0,0.0
2195,0.0,-0.925,455.0,0.0,0.0,0.0,0.0
2196,0.0,2.112,167.24,0.0,0.0,0.0,0.0
2197,0.0,1.666,47.27,0.0,0.0,0.0,0.0
2198,0.0,1.929,632.78,0.0,0.0,0.0,0.0
2199,0.0,0.237,656.15,0.0,0.0,0.0,0.0
2200,0.0,-1.027,1597.99,0.0,0.0,0.0,0.0
2201,0.0,1.252,2471.86,0.0,0.0,0.0,0.0
2202,0.0,-0.055,226.72,0.0,0.0,0.0,0.0
2203,0.0,-0.098,45.83,0.0,0.0,0.0,0.0
2204,0.0,3.033,508.88,0.0,0.0,0.0,0.0
2205,0.0,-1.131,337.48,0.0,0.0,0.0,0.0
2206,0.0,0.752,157.93,0.0,0.0,0.0,0.0
2207,0.0,0.716,153.02,0.0,0.0,0.0,0.0
2208,0.0,-0.161,674.08,0.0,0.0,0.0,0.0
2209,0.0,2.704,185.46,0.0,0.0,0.0,0.0
2210,0.0,0.283,293.55,0.0,0.0,0.0,0.0
2211,0.0,-1.855,366.89,0.0,0.0,0.0,0.0
2212,0.0,-1.874,630.13,0.0,0.0,0.0,0.0
2213,0.0,1.66,2043.4,0.0,0.0,0.0,0.0
2214,0.0,0.158,945.63,0.0,0.0,0.0,0.0
2215,0.0,0.081,1951.27,0.0,0.0,0.0,0.0
2216,0.0,-2.698,409.98,0.0,0.0,0.0,0.0
2217,0.0,-2.399,1210.21,0.0,0.0,0.0,0.0
2218,0.0,-1.819,897.26,0.0,0.0,0.0,0.0
2219,0.0,-1.028,140.38,0.0,0.0,0.0,0.0
2220,0.0,0.836,1184.32,0.0,0.0,0.0,0.0
2221,0.0,0.04,61.8,0.0,0.0,0.0,0.0
2222,0.0,0.077,285.42,0.0,0.0,0.0,0.0
2223,0.0,-2.058,159.97,0.0,0.0,0.0,0.0
2224,0.0,-0.206,247.64,0.0,0.0,0.0,0.0
2225,0.0,0.467,562.99,0.0,0.0,0.0,0.0
2226,0.0,-2.169,142.47,0.0,0.0,0.0,0.0
2227,0.0,-1.124,542.17,0.0,0.0,0.0,0.0
2228,0.0,-1.313,486.93,0.0,0.0,0.0,0.0
2229,0.0,-1.406,152.26,0.0,0.0,0.0,0.0
2230,0.0,3.074,814.91,0.0,0.0,0.0,0.0
2231,0.0,0.574,1607.02,0.0,0.0,0.0,0.0
2232,0.0,0.475,60.97,0.0,0.0,0.0,0.0
2233,0.0,2.585,305.21,0.0,0.0,0.0,0.0
2234,0.0,2.228,56.06,0.0,0.0,0.0,0.0
2235,0.0,-0.597,806.95,0.0,0.0,0.0,0.0
2236,0.0,-0.643,615.13,0.0,0.0,0.0,0.0
2237,0.0,0.362,253.28,0.0,0.0,0.0,0.0
2238,0.0,2.992,473.6,0.0,0.0,0.0,0.0
2239,0.0,1.131,2919.99,0.0,0.0,0.0,0.0
2240,0.0,-1.572,489.43,0.0,0.0,0.0,0.0
2241,0.0,-0.757,199.63,0.0,0.0,0.0,0.0
2242,0.0,1.794,496.21,0.0,0.0,0.0,0.0
2243,0.0,-0.559,1815.43,0.0,0.0,0.0,0.0
2244,0.0,2.993,151.9,0.0,0.0,0.0,0.0
2245,0.0,2.212,57.37,0.0,0.0,0.0,0.0
2246,0.0,0.904,788.86,0.0,0.0,0.0,0.0
2247,0.0,0.111,737.54,0.0,0.0,0.0,0.0
2248,0.0,-0.377,186.29,0.0,0.0,0.0,0.0
2249,0.0,0.869,573.51,0.0,0.0,0.0,0.0
2250,0.0,0.424,295.52,0.0,0.0,0.0,0.0
2251,0.0,-1.829,1599.83,0.0,0.0,0.0,0.0
2252,0.0,-2.552,1715.2,0.0,0.0,0.0,0.0
2253,0.0,-2.938,122.53,0.0,0.0,0.0,0.0
2254,0.0,1.179,100.41,0.0,0.0,0.0,0.0
2255,0.0,1.612,156.61,0.0,0.0,0.0,0.0
2256,0.0,0.108,1698.12,0.0,0.0,0.0,0.0
2257,0.0,-0.557,985.86,0.0,0.0,0.0,0.0
2258,0.0,-1.004,300.05,0.0,0.0,0.0,0.0
2259,0.0,2.158,319.05,0.0,0.0,0.0,0.0
2260,0.0,-0.498,510.06,0.0,0.0,0.0,0.0
2261,0.0,-0.954,307.29,0.0,0.0,0.0,0.0
2262,0.0,0.113,179.2,0.0,0.0,0.0,0.0
2263,0.0,-2.547,436.75,0.0,0.0,0.0,0.0
2264,0.0,1.199,2337.29,0.0,0.0,0.0,0.0
2265,0.0,-0.907,422.09,0.0,0.0,0.0,0.0
2266,0.0,-0.747,521.05,0.0,0.0,0.0,0.0
2267,0.0,2.922,36.75,0.0,0.0,0.0,0.0
2268,0.0,0.694,370.51,0.0,0.0,0.0,0.0
2269,0.0,-2.202,26.76,0.0,0.0,0.0,0.0
2270,0.0,1.71,372.05,0.0,0.0,0.0,0.0
2271,0.0,1.242,1008.76,0.0,0.0,0.0,0.0
2272,0.0,1.539,372.78,0.0,0.0,0.0,0.0
2273,0.0,1.39,59.65,0.0,0.0,0.0,0.0
2274,0.0,0.736,1074.42,0.0,0.0,0.0,0.0
2275,0.0,-1.231,1254.25,0.0,0.0,0.0,0.0
2276,0.0,2.446,650.42,0.0,0.0,0.0,0.0
2277,0.0,-1.233,313.87,0.0,0.0,0.0,0.0
2278,0.0,1.94,840.35,0.0,0.0,0.0,0.0
2279,0.0,2.158,248.85,0.0,0.0,0.0,0.0
2280,0.0,1.82,903.69,0.0,0.0,0.0,0.0
2281,0.0,-1.049,59.15,0.0,0.0,0.0,0.0
2282,0.0,1.926,127.66,0.0,0.0,0.0,0.0
2283,0.0,1.008,1913.32,0.0,0.0,0.0,0.0
2284,0.0,-0.111,423.49,0.0,0.0,0.0,0.0
2285,0.0,-0.623,409.63,0.0,0.0,0.0,0.0
2286,0.0,-0.236,697.13,0.0,0.0,0.0,0.0
2287,0.0,-1.915,1944.68,0.0,0.0,0.0,0.0
2288,0.0,1.396,267.38,0.0,0.0,0.0,0.0
2289,0.0,1.064,2483.79,0.0,0.0,0.0,0.0
2290,0.0,1.499,1447.61,0.0,0.0,0.0,0.0
2291,0.0,-0.789,2226.75,0.0,0.0,0.0,0.0
2292,0.0,-2.701,942.84,0.0,0.0,0.0,0.0
2293,0.0,2.149,1431.02,0.0,0.0,0.0,0.0
2294,0.0,1.277,168.62,0.0,0.0,0.0,0.0
2295,0.0,-0.823,819.74,0.0,0.0,0.0,0.0
2296,0.0,-2.461,610.7,0.0,0.0,0.0,0.0
2297,0.0,-1.413,129.55,0.0,0.0,0.0,0.0
2298,0.0,2.563,155.75,0.0,0.0,0.0,0.0
2299,0.0,-2.112,557.39,0.0,0.0,0.0,0.0
2300,0.0,0.343,142.74,0.0,0.0,0.0,0.0
2301,0.0,0.277,124.48,0.0,0.0,0.0,0.0
2302,0.0,-1.765,372.38,0.0,0.0,0.0,0.0
2303,0.0,2.279,239.63,0.0,0.0,0.0,0.0
2304,0.0,-1.978,464.35,0.0,0.0,0.0,0.0
2305,0.0,2.561,198.47,0.0,0.0,0.0,0.0
2306,0.0,0.653,280.63,0.0,0.0,0.0,0.0
2307,0.0,2.034,58.57,0.0,0.0,0.0,0.0
2308,0.0,-2.944,1176.73,0.0,0.0,0.0,0.0
2309,0.0,-1.506,878.64,0.0,0.0,0.0,0.0
2310,0.0,0.179,81.24,0.0,0.0,0.0,0.0
2311,0.0,-2.748,1018.29,0.0,0.0,0.0,0.0
2312,0.0,-3.01,2446.89,0.0,0.0,0.0,0.0
2313,0.0,2.93,1011.74,0.0,0.0,0.0,0.0
2314,0.0,1.362,312.82,0.0,0.0,0.0,0.0
2315,0.0,-2.014,638.97,0.0,0.0,0.0,0.0
2316,0.0,-3.003,175.57,0.0,0.0,0.0,0.0
2317,0.0,-0.314,111.59,0.0,0.0,0.0,0.0
2318,0.0,0.356,1156.65,0.0,0.0,0.0,0.0
2319,0.0,1.077,219.26,0.0,0.0,0.0,0.0
2320,0.0,2.16,803.25,0.0,0.0,0.0,0.0
2321,0.0,-2.191,220.36,0.0,0.0,0.0,0.0
2322,0.0,-0.073,389.17,0.0,0.0,0.0,0.0
2323,0.0,-0.63,255.35,0.0,0.0,0.0,0.0
2324,0.0,2.584,1182.48,0.0,0.0,0.0,0.0
2325,0.0,0.146,169.67,0.0,0.0,0.0,0.0
2326,0.0,-1.693,1422.31,0.0,0.0,0.0,0.0
2327,0.0,-1.364,654.95,0.0,0.0,0.0,0.0
2328,0.0,2.45,431.77,0.0,0.0,0.0,0.0
2329,0.0,2.565,57.09,0.0,0.0,0.0,0.0
2330,0.0,3.119,1091.1,0.0,0.0,0.0,0.0
2331,0.0,2.17,1733.97,0.0,0.0,0.0,0.0
2332,0.0,-0.353,1495.09,0.0,0.0,0.0,0.0
2333,0.0,-2.796,438.09,0.0,0.0,0.0,0.0
2334,0.0,-0.314,1411.94,0.0,0.0,0.0,0.0
2335,0.0,-1.544,539.98,0.0,0.0,0.0,0.0
2336,0.0,-3.004,192.12,0.0,0.0,0.0,0.0
2337,0.0,2.465,277.7,0.0,0.0,0.0,0.0
2338,0.0,-2.405,79.64,0.0,0.0,0.0,0.0
2339,0.0,-1.313,521.75,0.0,0.0,0.0,0.0
2340,0.0,-0.435,326.09,0.0,0.0,0.0,0.0
2341,0.0,-2.267,45.7,0.0,0.0,0.0,0.0
2342,0.0,0.695,219.77,0.0,0.0,0.0,0.0
2343,0.0,2.505,197.06,0.0,0.0,0.0,0.0
2344,0.0,-1.517,823.86,0.0,0.0,0.0,0.0
2345,0.0,1.621,316.01,0.0,0.0,0.0,0.0
2346,0.0,-3.068,146.72,0.0,0.0,0.0,0.0
2347,0.0,1.545,1082.23,0.0,0.0,0.0,0.0
2348,0.0,-2.735,173.81,0.0,0.0,0.0,0.0
2349,0.0,2.294,473.22,0.0,0.0,0.0,0.0
2350,0.0,-2.182,510.85,0.0,0.0,0.0,0.0
2351,0.0,0.381,265.62,0.0,0.0,0.0,0.0
2352,0.0,0.752,203.34,0.0,0.0,0.0,0.0
2353,0.0,0.535,377.17,0.0,0.0,0.0,0.0
2354,0.0,-2.6,368.28,0.0,0.0,0.0,0.0
2355,0.0,0.725,815.1,0.0,0.0,0.0,0.0
2356,0.0,0.076,227.34,0.0,0.0,0.0,0.0
2357,0.0,1.881,394.77,0.0,0.0,0.0,0.0
2358,0.0,0.247,172.76,0.0,0.0,0.0,0.0
2359,0.0,1.469,154.98,0.0,0.0,0.0,0.0
2360,0.0,1.494,1335.97,0.0,0.0,0.0,0.0
2361,0.0,-2.36,499.1,0.0,0.0,0.0,0.0
2362,0.0,3.104,231.68,0.0,0.0,0.0,0.0
2363,0.0,1.991,576.75,0.0,0.0,0.0,0.0
2364,0.0,-1.957,626.27,0.0,0.0,0.0,0.0
2365,0.0,0.004,3505.83,0.0,0.0,0.0,0.0
2366,0.0,-2.474,240.92,0.0,0.0,0.0,0.0
2367,0.0,-3.005,850.74,0.0,0.0,0.0,0.0
2368,0.0,-0.76,558.1,0.0,0.0,0.0,0.0
2369,0.0,2.038,1344.29,0.0,0.0,0.0,0.0
2370,0.0,1.785,297.06,0.0,0.0,0.0,0.0
2371,0.0,1.929,437.71,0.0,0.0,0.0,0.0
2372,0.0,-0.997,798.48,0.0,0.0,0.0,0.0
2373,0.0,2.53,242.46,0.0,0.0,0.0,0.0
2374,0.0,0.461,198.98,0.0,0.0,0.0,0.0
2375,0.0,0.519,191.51,0.0,0.0,0.0,0.0
2376,0.0,2.401,482.42,0.0,0.0,0.0,0.0
2377,0.0,1.052,1401.48,0.0,0.0,0.0,0.0
2378,0.0,1.271,251.39,0.0,0.0,0.0,0.0
2379,0.0,-2.109,40.42,0.0,0.0,0.0,0.0
2380,0.0,1.708,195.97,0.0,0.0,0.0,0.0
2381,0.0,-1.626,56.65,0.0,0.0,0.0,0.0
2382,0.0,-2.027,696.28,0.0,0.0,0.0,0.0
2383,0.0,-1.671,292.01,0.0,0.0,0.0,0.0
2384,0.0,2.818,373.14,0.0,0.0,0.0,0.0
2385,0.0,-2.353,281.38,0.0,0.0,0.0,0.0
2386,0.0,0.637,730.14,0.0,0.0,0.0,0.0
2387,0.0,-2.121,950.44,0.0,0.0,0.0,0.0
2388,0.0,-1.22,214.13,0.0,0.0,0.0,0.0
2389,0.0,2.904,585.04,0.0,0.0,0.0,0.0
2390,0.0,0.861,301.93,0.0,0.0,0.0,0.0
2391,0.0,-1.639,418.05,0.0,0.0,0.0,0.0
2392,0.0,1.7,177.71,0.0,0.0,0.0,0.0
2393,0.0,3.083,432.33,0.0,0.0,0.0,0.0
2394,0.0,-0.45,30.81,0.0,0.0,0.0,0.0
2395,0.0,2.639,754.24,0.0,0.0,0.0,0.0
2396,0.0,0.95,283.14,0.0,0.0,0.0,0.0
2397,0.0,-2.712,707.47,0.0,0.0,0.0,0.0
2398,0.0,0.321,142.56,0.0,0.0,0.0,0.0
2399,0.0,2.656,374.81,0.0,0.0,0.0,0.0
2400,0.0,-1.408,283.68,0.0,0.0,0.0,0.0
2401,0.0,-1.041,1405.41,0.0,0.0,0.0,0.0
2402,0.0,-1.952,355.02,0.0,0.0,0.0,0.0
2403,0.0,-1.809,600.41,0.0,0.0,0.0,0.0
2404,0.0,-1.369,401.06,0.0,0.0,0.0,0.0
2405,0.0,-2.817,728.38,0.0,0.0,0.0,0.0
2406,0.0,-2.546,758.31,0.0,0.0,0.0,0.0
2407,0.0,-2.279,20.41,0.0,0.0,0.0,0.0
2408,0.0,-0.578,217.32,0.0,0.0,0.0,0.0
2409,0.0,1.491,469.21,0.0,0.0,0.0,0.0
2410,0.0,1.882,87.43,0.0,0.0,0.0,0.0
2411,0.0,0.9,1689.14,0.0,0.0,0.0,0.0
2412,0.0,-1.203,55.73,0.0,0.0,0.0,0.0
2413,0.0,1.429,711.2,0.0,0.0,0.0,0.0
2414,0.0,-1.315,826.29,0.0,0.0,0.0,0.0
2415,0.0,-0.419,221.43,0.0,0.0,0.0,0.0
2416,0.0,2.866,257.17,0.0,0.0,0.0,0.0
2417,0.0,0.23,359.76,0.0,0.0,0.0,0.0
2418,0.0,-2.637,133.36,0.0,0.0,0.0,0.0
2419,0.0,2.08,201.48,0.0,0.0,0.0,0.0
2420,0.0,-0.944,381.03,0.0,0.0,0.0,0.0
2421,0.0,0.903,515.6,0.0,0.0,0.0,0.0
2422,0.0,1.623,1588.7,0.0,0.0,0.0,0.0
2423,0.0,2.204,506.14,0.0,0.0,0.0,0.0
2424,0.0,-2.58,245.38,0.0,0.0,0.0,0.0
2425,0.0,-0.169,106.8,0.0,0.0,0.0,0.0
2426,0.0,-1.745,136.7,0.0,0.0,0.0,0.0
2427,0.0,-1.879,655.11,0.0,0.0,0.0,0.0
2428,0.0,-1.291,498.57,0.0,0.0,0.0,0.0
2429,0.0,-2.172,991.17,0.0,0.0,0.0,0.0
2430,0.0,3.089,196.79,0.0,0.0,0.0,0.0
2431,0.0,1.259,158.93,0.0,0.0,0.0,0.0
2432,0.0,1.294,308.83,0.0,0.0,0.0,0.0
2433,0.0,-2.619,1789.2,0.0,0.0,0.0,0.0
2434,0.0,-0.303,223.06,0.0,0.0,0.0,0.0
2435,0.0,1.317,208.96,0.0,0.0,0.0,0.0
2436,0.0,-1.21,728.31,0.0,0.0,0.0,0.0
2437,0.0,1.446,3246.67,0.0,0.0,0.0,0.0
2438,0.0,2.259,756.93,0.0,0.0,0.0,0.0
2439,0.0,-0.858,328.48,0.0,0.0,0.0,0.0
2440,0.0,-1.42,647.18,0.0,0.0,0.0,0.0
2441,0.0,-0.833,854.54,0.0,0.0,0.0,0.0
2442,0.0,0.667,260.11,0.0,0.0,0.0,0.0
2443,0.0,0.815,382.8,0.0,0.0,0.0,0.0
2444,0.0,-2.166,470.96,0.0,0.0,0.0,0.0
2445,0.0,-0.839,885.67,0.0,0.0,0.0,0.0
2446,0.0,0.626,148.93,0.0,0.0,0.0,0.0
2447,0.0,2.413,467.53,0.0,0.0,0.0,0.0
2448,0.0,0.479,1530.91,0.0,0.0,0.0,0.0
2449,0.0,-1.258,626.69,0.0,0.0,0.0,0.0
2450,0.0,-0.291,415.92,0.0,0.0,0.0,0.0
2451,0.0,-0.654,455.48,0.0,0.0,0.0,0.0
2452,0.0,-0.149,182.31,0.0,0.0,0.0,0.0
2453,0.0,0.081,1431.34,0.0,0.0,0.0,0.0
2454,0.0,1.563,62.63,0.0,0.0,0.0,0.0
2455,0.0,2.548,125.49,0.0,0.0,0.0,0.0
2456,0.0,-0.048,702.91,0.0,0.0,0.0,0.0
2457,0.0,-2.443,1237.19,0.0,0.0,0.0,0.0
2458,0.0,1.992,1026.76,0.0,0.0,0.0,0.0
2459,0.0,-2.804,2035.83,0.0,0.0,0.0,0.0
2460,0.0,-2.258,1361.91,0.0,0.0,0.0,0.0
2461,0.0,-1.566,2740.72,0.0,0.0,0.0,0.0
2462,0.0,0.507,110.71,0.0,0.0,0.0,0.0
2463,0.0,2.588,96.84,0.0,0.0,0.0,0.0
2464,0.0,-2.604,1843.4,0.0,0.0,0.0,0.0
2465,0.0,-0.912,1395.0,0.0,0.0,0.0,0.0
2466,0.0,-2.579,140.04,0.0,0.0,0.0,0.0
2467,0.0,-0.759,229.53,0.0,0.0,0.0,0.0
2468,0.0,-2.545,3295.89,0.0,0.0,0.0,0.0
2469,0.0,-2.101,42.09,0.0,0.0,0.0,0.0
2470,0.0,0.534,2211.61,0.0,0.0,0.0,0.0
2471,0.0,1.859,43.05,0.0,0.0,0.0,0.0
2472,0.0,-1.532,173.8,0.0,0.0,0.0,0.0
2473,0.0,-1.328,1294.27,0.0,0.0,0.0,0.0
2474,0.0,-2.067,352.77,0.0,0.0,0.0,0.0
2475,0.0,-0.478,3175.45,0.0,0.0,0.0,0.0
2476,0.0,-0.527,962.48,0.0,0.0,0.0,0.0
2477,0.0,-0.224,226.3,0.0,0.0,0.0,0.0
2478,0.0,2.318,205.97,0.0,0.0,0.0,0.0
2479,0.0,1.185,1267.68,0.0,0.0,0.0,0.0
2480,0.0,-1.509,653.45,0.0,0.0,0.0,0.0
2481,0.0,2.166,586.69,0.0,0.0,0.0,0.0
2482,0.0,1.94,389.64,0.0,0.0,0.0,0.0
2483,0.0,2.634,1368.59,0.0,0.0,0.0,0.0
2484,0.0,-3.098,1655.0,0.0,0.0,0.0,0.0
2485,0.0,-0.551,741.18,0.0,0.0,0.0,0.0
2486,0.0,0.796,61.84,0.0,0.0,0.0,0.0
2487,0.0,2.133,97.64,0.0,0.0,0.0,0.0
2488,0.0,0.147,265.48,0.0,0.0,0.0,0.0
2489,0.0,-2.419,1479.48,0.0,0.0,0.0,0.0
2490,0.0,1.653,1537.83,0.0,0.0,0.0,0.0
2491,0.0,-2.769,168.51,0.0,0.0,0.0,0.0
2492,0.0,-2.443,108.57,0.0,0.0,0.0,0.0
2493,0.0,0.024,787.66,0.0,0.0,0.0,0.0
2494,0.0,0.049,282.32,0.0,0.0,0.0,0.0
2495,0.0,1.662,212.92,0.0,0.0,0.0,0.0
2496,0.0,1.497,779.56,0.0,0.0,0.0,0.0
2497,0.0,1.224,94.89,0.0,0.0,0.0,0.0
2498,0.0,-2.742,346.56,0.0,0.0,0.0,0.0
2499,0.0,0.7,354.97,0.0,0.0,0.0,0.0
2500,0.0,0.876,69.08,0.0,0.0,0.0,0.0
2501,0.0,-1.603,234.74,0.0,0.0,0.0,0.0
2502,0.0,1.442,395.81,0.0,0.0,0.0,0.0
2503,0.0,1.663,964.45,0.0,0.0,0.0,0.0
2504,0.0,0.5,28.19,0.0,0.0,0.0,0.0
2505,0.0,-2.298,215.24,0.0,0.0,0.0,0.0
2506,0.0,-0.581,723.7,0.0,0.0,0.0,0.0
2507,0.0,0.443,330.39,0.0,0.0,0.0,0.0
2508,0.0,-2.364,361.6,0.0,0.0,0.0,0.0
2509,0.0,1.39,41.61,0.0,0.0,0.0,0.0
2510,0.0,-0.316,108.71,0.0,0.0,0.0,0.0
2511,0.0,-2.391,2148.79,0.0,0.0,0.0,0.0
2512,0.0,-1.159,1342.77,0.0,0.0,0.0,0.0
2513,0.0,2.23,104.58,0.0,0.0,0.0,0.0
2514,0.0,1.214,454.12,0.0,0.0,0.0,0.0
2515,0.0,-1.086,83.46,0.0,0.0,0.0,0.0
2516,0.0,-0.33,1370.07,0.0,0.0,0.0,0.0
2517,0.0,-1.057,354.82,0.0,0.0,0.0,0.0
2518,0.0,-2.952,1284.94,0.0,0.0,0.0,0.0
2519,0.0,-2.537,733.53,0.0,0.0,0.0,0.0
2520,0.0,2.032,806.94,0.0,0.0,0.0,0.0
2521,0.0,-1.644,106.38,0.0,0.0,0.0,0.0
2522,0.0,1.949,476.39,0.0,0.0,0.0,0.0
2523,0.0,-0.277,922.41,0.0,0.0,0.0,0.0
2524,0.0,-0.347,2837.96,0.0,0.0,0.0,0.0
2525,0.0,1.611,121.44,0.0,0.0,0.0,0.0
2526,0.0,2.504,28.19,0.0,0.0,0.0,0.0
2527,0.0,-2.637,438.95,0.0,0.0,0.0,0.0
2528,0.0,-0.024,2196.86,0.0,0.0,0.0,0.0
2529,0.0,-2.593,126.93,0.0,0.0,0.0,0.0
2530,0.0,1.812,477.7,0.0,0.0,0.0,0.0
2531,0.0,2.459,153.62,0.0,0.0,0.0,0.0
2532,0.0,1.731,180.96,0.0,0.0,0.0,0.0
2533,0.0,3.042,2709.66,0.0,0.0,0.0,0.0
2534,0.0,2.289,227.24,0.0,0.0,0.0,0.0
2535,0.0,-2.054,240.66,0.0,0.0,0.0,0.0
2536,0.0,-0.994,524.44,0.0,0.0,0.0,0.0
2537,0.0,1.81,47.5,0.0,0.0,0.0,0.0
2538,0.0,3.024,331.02,0.0,0.0,0.0,0.0
2539,0.0,-0.796,172.87,0.0,0.0,0.0,0.0
2540,0.0,1.632,883.18,0.0,0.0,0.0,0.0
2541,0.0,-2.074,82.17,0.0,0.0,0.0,0.0
2542,0.0,-0.753,481.92,0.0,0.0,0.0,0.0
2543,0.0,2.751,192.16,0.0,0.0,0.0,0.0
2544,0.0,-1.887,155.69,0.0,0.0,0.0,0.0
2545,0.0,-1.065,458.4,0.0,0.0,0.0,0.0
2546,0.0,-0.651,174.1,0.0,0.0,0.0,0.0
2547,0.0,0.793,475.66,0.0,0.0,0.0,0.0
2548,0.0,-1.47,537.01,0.0,0.0,0.0,0.0
2549,0.0,-2.988,221.09,0.0,0.0,0.0,0.0
2550,0.0,-0.726,322.33,0.0,0.0,0.0,0.0
2551,0.0,0.399,652.31,0.0,0.0,0.0,0.0
2552,0.0,1.912,240.71,0.0,0.0,0.0,0.0
2553,0.0,-1.91,2126.96,0.0,0.0,0.0,0.0
2554,0.0,-0.154,130.94,0.0,0.0,0.0,0.0
2555,0.0,0.861,272.84,0.0,0.0,0.0,0.0
2556,0.0,1.164,600.78,0.0,0.0,0.0,0.0
2557,0.0,-0.856,58.16,0.0,0.0,0.0,0.0
2558,0.0,-1.157,132.78,0.0,0.0,0.0,0.0
2559,0.0,-0.017,1558.0,0.0,0.0,0.0,0.0
2560,0.0,-1.618,165.41,0.0,0.0,0.0,0.0
2561,0.0,2.323,648.74,0.0,0.0,0.0,0.0
2562,0.0,-0.369,117.98,0.0,0.0,0.0,0.0
2563,0.0,-2.701,1796.51,0.0,0.0,0.0,0.0
2564,0.0,-0.061,572.23,0.0,0.0,0.0,0.0
2565,0.0,0.602,1371.68,0.0,0.0,0.0,0.0
2566,0.0,2.022,1239.86,0.0,0.0,0.0,0.0
2567,0.0,-0.595,585.96,0.0,0.0,0.0,0.0
2568,0.0,2.879,71.69,0.0,0.0,0.0,0.0
2569,0.0,-2.115,297.42,0.0,0.0,0.0,0.0
2570,0.0,2.479,411.31,0.0,0.0,0.0,0.0
2571,0.0,-1.42,56.91,0.0,0.0,0.0,0.0
2572,0.0,-0.648,3254.94,0.0,0.0,0.0,0.0
2573,0.0,-0.029,70.44,0.0,0.0,0.0,0.0
2574,0.0,1.592,28.74,0.0,0.0,0.0,0.0
2575,0.0,1.376,1512.46,0.0,0.0,0.0,0.0
2576,0.0,0.311,271.17,0.0,0.0,0.0,0.0
2577,0.0,2.787,40.51,0.0,0.0,0.0,0.0
2578,0.0,1.555,143.0,0.0,0.0,0.0,0.0
2579,0.0,2.562,283.26,0.0,0.0,0.0,0.0
2580,0.0,2.681,265.63,0.0,0.0,0.0,0.0
2581,0.0,-2.102,559.4,0.0,0.0,0.0,0.0
2582,0.0,2.648,714.13,0.0,0.0,0.0,0.0
2583,0.0,-1.115,49.79,0.0,0.0,0.0,0.0
2584,0.0,-1.001,101.26,0.0,0.0,0.0,0.0
2585,0.0,2.841,199.22,0.0,0.0,0.0,0.0
2586,0.0,-1.479,615.01,0.0,0.0,0.0,0.0
2587,0.0,-1.118,581.35,0.0,0.0,0.0,0.0
2588,0.0,0.561,209.67,0.0,0.0,0.0,0.0
2589,0.0,2.773,315.84,0.0,0.0,0.0,0.0
2590,0.0,-0.525,65.95,0.0,0.0,0.0,0.0
2591,0.0,-1.731,214.84,0.0,0.0,0.0,0.0
2592,0.0,2.938,268.23,0.0,0.0,0.0,0.0
2593,0.0,-2.945,162.7,0.0,0.0,0.0,0.0
2594,0.0,0.481,973.82,0.0,0.0,0.0,0.0
2595,0.0,2.264,119.08,0.0,0.0,0.0,0.0
2596,0.0,-0.268,860.76,0.0,0.0,0.0,0.0
2597,0.0,-0.585,187.47,0.0,0.0,0.0,0.0
2598,0.0,-2.572,138.56,0.0,0.0,0.0,0.0
2599,0.0,-1.622,1298.89,0.0,0.0,0.0,0.0
2600,0.0,2.265,613.68,0.0,0.0,0.0,0.0
2601,0.0,0.88,314.61,0.0,0.0,0.0,0.0
2602,0.0,-2.943,57.29,0.0,0.0,0.0,0.0
2603,0.0,0.67,174.05,0.0,0.0,0.0,0.0
2604,0.0,1.744,1283.24,0.0,0.0,0.0,0.0
2605,0.0,-2.64,236.5,0.0,0.0,0.0,0.0
2606,0.0,1.492,375.75,0.0,0.0,0.0,0.0
2607,0.0,3.065,326.05,0.0,0.0,0.0,0.0
2608,0.0,-2.701,1024.79,0.0,0.0,0.0,0.0
2609,0.0,-0.821,428.03,0.0,0.0,0.0,0.0
2610,0.0,-1.231,44.56,0.0,0.0,0.0,0.0
2611,0.0,1.617,328.9,0.0,0.0,0.0,0.0
2612,0.0,1.298,901.43,0.0,0.0,0.0,0.0
2613,0.0,1.733,371.34,0.0,0.0,0.0,0.0
2614,0.0,-2.785,253.86,0.0,0.0,0.0,0.0
2615,0.0,1.031,366.63,0.0,0.0,0.0,0.0
2616,0.0,1.943,494.4,0.0,0.0,0.0,0.0
2617,0.0,-1.415,149.68,0.0,0.0,0.0,0.0
2618,0.0,-2.715,274.98,0.0,0.0,0.0,0.0
2619,0.0,1.87,335.72,0.0,0.0,0.0,0.0
2620,0.0,2.203,224.99,0.0,0.0,0.0,0.0
2621,0.0,0.869,136.32,0.0,0.0,0.0,0.0
2622,0.0,-2.04,54.31,0.0,0.0,0.0,0.0
2623,0.0,-2.527,75.11,0.0,0.0,0.0,0.0
2624,0.0,-1.749,213.14,0.0,0.0,0.0,0.0
2625,0.0,-1.419,163.47,0.0,0.0,0.0,0.0
2626,0.0,1.022,367.84,0.0,0.0,0.0,0.0
2627,0.0,2.093,502.01,0.0,0.0,0.0,0.0
2628,0.0,-0.969,52.93,0.0,0.0,0.0,0.0
2629,0.0,0.786,697.02,0.0,0.0,0.0,0.0
2630,0.0,-2.022,438.82,0.0,0.0,0.0,0.0
2631,0.0,-1.737,1079.08,0.0,0.0,0.0,0.0
2632,0.0,-0.745,86.52,0.0,0.0,0.0,0.0
2633,0.0,2.175,207.77,0.0,0.0,0.0,0.0
2634,0.0,0.187,49.9,0.0,0.0,0.0,0.0
2635,0.0,-1.858,2119.15,0.0,0.0,0.0,0.0
2636,0.0,2.261,74.93,0.0,0.0,0.0,0.0
2637,0.0,-2.57,196.73,0.0,0.0,0.0,0.0
2638,0.0,-2.654,568.9,0.0,0.0,0.0,0.0
2639,0.0,-2.691,562.69,0.0,0.0,0.0,0.0
2640,0.0,-0.31,204.26,0.0,0.0,0.0,0.0
2641,0.0,-1.928,137.05,0.0,0.0,0.0,0.0
2642,0.0,1.776,976.72,0.0,0.0,0.0,0.0
2643,0.0,1.038,285.99,0.0,0.0,0.0,0.0
2644,0.0,-1.661,34.83,0.0,0.0,0.0,0.0
2645,0.0,3.03,20.08,0.0,0.0,0.0,0.0
2646,0.0,0.704,80.11,0.0,0.0,0.0,0.0
2647,0.0,0.071,627.36,0.0,0.0,0.0,0.0
2648,0.0,-2.482,18.72,0.0,0.0,0.0,0.0
2649,0.0,2.862,115.07,0.0,0.0,0.0,0.0
2650,0.0,0.245,174.47,0.0,0.0,0.0,0.0
2651,0.0,0.556,518.91,0.0,0.0,0.0,0.0
2652,0.0,1.447,69.85,0.0,0.0,0.0,0.0
2653,0.0,1.039,287.79,0.0,0.0,0.0,0.0
2654,0.0,0.071,62.99,0.0,0.0,0.0,0.0
2655,0.0,2.731,687.57,0.0,0.0,0.0,0.0
2656,0.0,0.515,1904.1,0.0,0.0,0.0,0.0
2657,0.0,-2.059,1940.73,0.0,0.0,0.0,0.0
2658,0.0,-1.902,444.4,0.0,0.0,0.0,0.0
2659,0.0,1.993,426.2,0.0,0.0,0.0,0.0
2660,0.0,-0.198,1110.87,0.0,0.0,0.0,0.0
2661,0.0,2.237,294.29,0.0,0.0,0.0,0.0
2662,0.0,1.335,402.44,0.0,0.0,0.0,0.0
2663,0.0,1.567,396.65,0.0,0.0,0.0,0.0
2664,0.0,0.901,1238.96,0.0,0.0,0.0,0.0
2665,0.0,-1.67,255.58,0.0,0.0,0.0,0.0
2666,0.0,1.097,810.03,0.0,0.0,0.0,0.0
2667,0.0,2.792,139.73,0.0,0.0,0.0,0.0
2668,0.0,-2.524,1024.3,0.0,0.0,0.0,0.0
2669,0.0,1.94,274.52,0.0,0.0,0.0,0.0
2670,0.0,1.233,281.86,0.0,0.0,0.0,0.0
2671,0.0,0.956,824.57,0.0,0.0,0.0,0.0
2672,0.0,-1.927,288.33,0.0,0.0,0.0,0.0
2673,0.0,-1.557,212.07,0.0,0.0,0.0,0.0
2674,0.0,-0.414,306.66,0.0,0.0,0.0,0.0
2675,0.0,-2.556,262.83,0.0,0.0,0.0,0.0
2676,0.0,-2.793,1379.51,0.0,0.0,0.0,0.0
2677,0.0,-0.104,616.0,0.0,0.0,0.0,0.0
2678,0.0,1.075,21.5,0.0,0.0,0.0,0.0
2679,0.0,0.514,38.76,0.0,0.0,0.0,0.0
2680,0.0,2.634,237.64,0.0,0.0,0.0,0.0
2681,0.0,2.01,869.5,0.0,0.0,0.0,0.0
2682,0.0,-1.749,503.08,0.0,0.0,0.0,0.0
2683,0.0,2.992,53.15,0.0,0.0,0.0,0.0
2684,0.0,2.574,2483.8,0.0,0.0,0.0,0.0
2685,0.0,-1.658,2228.26,0.0,0.0,0.0,0.0
2686,0.0,0.313,1103.79,0.0,0.0,0.0,0.0
2687,0.0,-2.61,1607.31,0.0,0.0,0.0,0.0
2688,0.0,2.252,1031.25,0.0,0.0,0.0,0.0
2689,0.0,1.677,235.52,0.0,0.0,0.0,0.0
2690,0.0,1.427,274.8,0.0,0.0,0.0,0.0
2691,0.0,-1.303,444.76,0.0,0.0,0.0,0.0
2692,0.0,-1.79,203.89,0.0,0.0,0.0,0.0
2693,0.0,-1.79,181.79,0.0,0.0,0.0,0.0
2694,0.0,-1.853,264.83,0.0,0.0,0.0,0.0
2695,0.0,-0.625,232.36,0.0,0.0,0.0,0.0
2696,0.0,-1.902,198.82,0.0,0.0,0.0,0.0
2697,0.0,-2.63,87.18,0.0,0.0,0.0,0.0
2698,0.0,-1.207,2040.99,0.0,0.0,0.0,0.0
2699,0.0,2.224,1904.58,0.0,0.0,0.0,0.0
2700,0.0,2.098,330.54,0.0,0.0,0.0,0.0
2701,0.0,-2.765,95.36,0.0,0.0,0.0,0.0
2702,0.0,2.748,1413.28,0.0,0.0,0.0,0.0
2703,0.0,-2.407,191.97,0.0,0.0,0.0,0.0
2704,0.0,0.502,377.56,0.0,0.0,0.0,0.0
2705,0.0,0.121,57.83,0.0,0.0,0.0,0.0
2706,0.0,2.533,78.94,0.0,0.0,0.0,0.0
2707,0.0,2.093,70.08,0.0,0.0,0.0,0.0
2708,0.0,-0.82,1108.46,0.0,0.0,0.0,0.0
2709,0.0,-1.317,127.38,0.0,0.0,0.0,0.0
2710,0.0,2.042,3046.06,0.0,0.0,0.0,0.0
2711,0.0,0.762,99.9,0.0,0.0,0.0,0.0
2712,0.0,0.367,156.98,0.0,0.0,0.0,0.0
2713,0.0,-2.144,246.94,0.0,0.0,0.0,0.0
2714,0.0,-2.144,433.48,0.0,0.0,0.0,0.0
2715,0.0,-0.602,516.85,0.0,0.0,0.0,0.0
2716,0.0,2.637,1093.56,0.0,0.0,0.0,0.0
2717,0.0,-2.8,1617.0,0.0,0.0,0.0,0.0
2718,0.0,-1.99,277.15,0.0,0.0,0.0,0.0
2719,0.0,2.692,188.58,0.0,0.0,0.0,0.0
2720,0.0,-0.336,168.56,0.0,0.0,0.0,0.0
2721,0.0,1.62,699.29,0.0,0.0,0.0,0.0
2722,0.0,2.797,912.61,0.0,0.0,0.0,0.0
2723,0.0,-2.772,224.13,0.0,0.0,0.0,0.0
2724,0.0,0.003,314.18,0.0,0.0,0.0,0.0
2725,0.0,2.307,359.67,0.0,0.0,0.0,0.0
2726,0.0,-1.025,42.43,0.0,0.0,0.0,0.0
2727,0.0,-1.084,234.7,0.0,0.0,0.0,0.0
2728,0.0,-0.359,613.46,0.0,0.0,0.0,0.0
2729,0.0,2.033,881.6,0.0,0.0,0.0,0.0
2730,0.0,-0.098,311.29,0.0,0.0,0.0,0.0
2731,0.0,2.691,234.08,0.0,0.0,0.0,0.0
2732,0.0,1.89,706.12,0.0,0.0,0.0,0.0
2733,0.0,1.009,490.8,0.0,0.0,0.0,0.0
2734,0.0,-1.202,314.91,0.0,0.0,0.0,0.0
2735,0.0,1.676,93.36,0.0,0.0,0.0,0.0
2736,0.0,-1.942,673.2,0.0,0.0,0.0,0.0
2737,0.0,-2.4,1359.43,0.0,0.0,0.0,0.0
2738,0.0,-2.591,313.76,0.0,0.0,0.0,0.0
2739,0.0,-1.0,2211.85,0.0,0.0,0.0,0.0
2740,0.0,-2.834,284.75,0.0,0.0,0.0,0.0
2741,0.0,2.532,275.06,0.0,0.0,0.0,0.0
2742,0.0,-2.919,2197.31,0.0,0.0,0.0,0.0
2743,0.0,0.932,1755.97,0.0,0.0,0.0,0.0
2744,0.0,2.432,575.3,0.0,0.0,0.0,0.0
2745,0.0,-2.554,92.33,0.0,0.0,0.0,0.0
2746,0.0,-0.142,363.17,0.0,0.0,0.0,0.0
2747,0.0,-0.63,2299.75,0.0,0.0,0.0,0.0
2748,0.0,0.458,137.68,0.0,0.0,0.0,0.0
2749,0.0,-1.779,116.68,0.0,0.0,0.0,0.0
2750,0.0,-2.219,869.77,0.0,0.0,0.0,0.0
2751,0.0,1.852,311.22,0.0,0.0,0.0,0.0
2752,0.0,-1.62,387.34,0.0,0.0,0.0,0.0
2753,0.0,1.246,234.99,0.0,0.0,0.0,0.0
2754,0.0,-3.135,3284.03,0.0,0.0,0.0,0.0
2755,0.0,-1.411,376.2,0.0,0.0,0.0,0.0
2756,0.0,-0.838,354.42,0.0,0.0,0.0,0.0
2757,0.0,2.057,567.15,0.0,0.0,0.0,0.0
2758,0.0,-2.829,121.88,0.0,0.0,0.0,0.0
2759,0.0,-1.017,274.06,0.0,0.0,0.0,0.0
2760,0.0,1.589,2610.76,0.0,0.0,0.0,0.0
2761,0.0,-1.817,494.26,0.0,0.0,0.0,0.0
2762,0.0,0.836,62.22,0.0,0.0,0.0,0.0
2763,0.0,0.45,602.86,0.0,0.0,0.0,0.0
2764,0.0,-1.838,486.0,0.0,0.0,0.0,0.0
2765,0.0,-1.142,712.35,0.0,0.0,0.0,0.0
2766,0.0,2.525,208.38,0.0,0.0,0.0,0.0
2767,0.0,3.021,55.74,0.0,0.0,0.0,0.0
2768,0.0,0.807,685.85,0.0,0.0,0.0,0.0
2769,0.0,-1.643,98.21,0.0,0.0,0.0,0.0
2770,0.0,-0.823,932.36,0.0,0.0,0.0,0.0
2771,0.0,-2.288,179.52,0.0,0.0,0.0,0.0
2772,0.0,-0.022,1605.7,0.0,0.0,0.0,0.0
2773,0.0,-0.089,185.65,0.0,0.0,0.0,0.0
2774,0.0,1.099,477.66,0.0,0.0,0.0,0.0
2775,0.0,-2.92,250.79,0.0,0.0,0.0,0.0
2776,0.0,-0.328,328.78,0.0,0.0,0.0,0.0
2777,0.0,-2.735,1725.22,0.0,0.0,0.0,0.0
2778,0.0,2.063,761.04,0.0,0.0,0.0,0.0
2779,0.0,-0.051,2234.92,0.0,0.0,0.0,0.0
2780,0.0,2.645,440.29,0.0,0.0,0.0,0.0
2781,0.0,-2.402,599.71,0.0,0.0,0.0,0.0
2782,0.0,-0.124,2142.78,0.0,0.0,0.0,0.0
2783,0.0,2.564,848.83,0.0,0.0,0.0,0.0
2784,0.0,1.224,1643.38,0.0,0.0,0.0,0.0
2785,0.0,-0.681,452.49,0.0,0.0,0.0,0.0
2786,0.0,0.66,164.11,0.0,0.0,0.0,0.0
2787,0.0,-2.568,212.63,0.0,0.0,0.0,0.0
2788,0.0,0.351,835.29,0.0,0.0,0.0,0.0
2789,0.0,-0.239,970.62,0.0,0.0,0.0,0.0
2790,0.0,0.885,31.62,0.0,0.0,0.0,0.0
2791,0.0,-3.031,764.46,0.0,0.0,0.0,0.0
2792,0.0,-2.813,899.39,0.0,0.0,0.0,0.0
2793,0.0,-0.752,117.69,0.0,0.0,0.0,0.0
2794,0.0,-0.045,679.3,0.0,0.0,0.0,0.0
2795,0.0,-0.217,224.1,0.0,0.0,0.0,0.0
2796,0.0,1.258,490.36,0.0,0.0,0.0,0.0
2797,0.0,-3.017,290.33,0.0,0.0,0.0,0.0
2798,0.0,0.447,652.04,0.0,0.0,0.0,0.0
2799,0.0,-1.078,442.7,0.0,0.0,0.0,0.0
2800,0.0,-2.924,3042.29,0.0,0.0,0.0,0.0
2801,0.0,0.64,104.85,0.0,0.0,0.0,0.0
2802,0.0,-0.933,2575.01,0.0,0.0,0.0,0.0
2803,0.0,0.838,888.92,0.0,0.0,0.0,0.0
2804,0.0,0.941,1804.47,0.0,0.0,0.0,0.0
2805,0.0,-0.641,2658.39,0.0,0.0,0.0,0.0
2806,0.0,-0.97,370.12,0.0,0.0,0.0,0.0
2807,0.0,0.155,262.07,0.0,0.0,0.0,0.0
2808,0.0,-1.139,296.61,0.0,0.0,0.0,0.0
2809,0.0,2.991,157.68,0.0,0.0,0.0,0.0
2810,0.0,0.682,126.91,0.0,0.0,0.0,0.0
2811,0.0,-2.94,2118.0,0.0,0.0,0.0,0.0
2812,0.0,2.516,130.11,0.0,0.0,0.0,0.0
2813,0.0,2.178,397.98,0.0,0.0,0.0,0.0
2814,0.0,-2.475,434.28,0.0,0.0,0.0,0.0
2815,0.0,-2.007,1390.67,0.0,0.0,0.0,0.0
2816,0.0,0.083,11.93,0.0,0.0,0.0,0.0
2817,0.0,-0.656,136.62,0.0,0.0,0.0,0.0
2818,0.0,-2.2,1444.8,0.0,0.0,0.0,0.0
2819,0.0,2.766,552.82,0.0,0.0,0.0,0.0
2820,0.0,-0.912,33.07,0.0,0.0,0.0,0.0
2821,0.0,-0.666,79.81,0.0,0.0,0.0,0.0
2822,0.0,3.006,700.05,0.0,0.0,0.0,0.0
2823,0.0,2.546,520.84,0.0,0.0,0.0,0.0
2824,0.0,2.196,529.22,0.0,0.0,0.0,0.0
2825,0.0,1.274,1121.6,0.0,0.0,0.0,0.0
2826,0.0,-0.035,2291.54,0.0,0.0,0.0,0.0
2827,0.0,1.126,277.58,0.0,0.0,0.0,0.0
2828,0.0,2.641,379.03,0.0,0.0,0.0,0.0
2829,0.0,1.184,716.38,0.0,0.0,0.0,0.0
2830,0.0,0.922,173.65,0.0,0.0,0.0,0.0
2831,0.0,-0.623,56.52,0.0,0.0,0.0,0.0
2832,0.0,0.314,202.72,0.0,0.0,0.0,0.0
2833,0.0,1.42,82.16,0.0,0.0,0.0,0.0
2834,0.0,-3.131,82.21,0.0,0.0,0.0,0.0
2835,0.0,-2.392,502.69,0.0,0.0,0.0,0.0
2836,0.0,1.926,69.96,0.0,0.0,0.0,0.0
2837,0.0,0.206,483.15,0.0,0.0,0.0,0.0
2838,0.0,-1.86,92.96,0.0,0.0,0.0,0.0
2839,0.0,1.443,216.81,0.0,0.0,0.0,0.0
2840,0.0,-1.203,34.43,0.0,0.0,0.0,0.0
2841,0.0,1.887,86.35,0.0,0.0,0.0,0.0
2842,0.0,0.762,503.28,0.0,0.0,0.0,0.0
2843,0.0,-1.69,558.88,0.0,0.0,0.0,0.0
2844,0.0,-1.69,842.08,0.0,0.0,0.0,0.0
2845,0.0,0.475,1137.39,0.0,0.0,0.0,0.0
2846,0.0,0.677,396.76,0.0,0.0,0.0,0.0
2847,0.0,-0.592,736.31,0.0,0.0,0.0,0.0
2848,0.0,-0.896,857.1,0.0,0.0,0.0,0.0
2849,0.0,2.474,582.41,0.0,0.0,0.0,0.0
2850,0.0,-1.486,61.29,0.0,0.0,0.0,0.0
2851,0.0,1.59,758.56,0.0,0.0,0.0,0.0
2852,0.0,-2.547,776.74,0.0,0.0,0.0,0.0
2853,0.0,-0.653,208.56,0.0,0.0,0.0,0.0
2854,0.0,-3.102,203.83,0.0,0.0,0.0,0.0
2855,0.0,-1.713,581.75,0.0,0.0,0.0,0.0
2856,0.0,0.408,149.88,0.0,0.0,0.0,0.0
2857,0.0,-1.503,119.28,0.0,0.0,0.0,0.0
2858,0.0,1.829,286.4,0.0,0.0,0.0,0.0
2859,0.0,-3.071,156.49,0.0,0.0,0.0,0.0
2860,0.0,-0.258,240.19,0.0,0.0,0.0,0.0
2861,0.0,2.508,762.71,0.0,0.0,0.0,0.0
2862,0.0,2.203,80.6,0.0,0.0,0.0,0.0
2863,0.0,-1.22,407.77,0.0,0.0,0.0,0.0
2864,0.0,2.483,367.48,0.0,0.0,0.0,0.0
2865,0.0,2.955,1349.66,0.0,0.0,0.0,0.0
2866,0.0,3.1,323.58,0.0,0.0,0.0,0.0
2867,0.0,0.669,1204.7,0.0,0.0,0.0,0.0
2868,0.0,-0.027,53.31,0.0,0.0,0.0,0.0
2869,0.0,-0.808,387.76,0.0,0.0,0.0,0.0
2870,0.0,-2.87,493.73,0.0,0.0,0.0,0.0
2871,0.0,-1.65,552.19,0.0,0.0,0.0,0.0
2872,0.0,-1.518,2113.18,0.0,0.0,0.0,0.0
2873,0.0,0.626,513.76,0.0,0.0,0.0,0.0
2874,0.0,2.213,793.76,0.0,0.0,0.0,0.0
2875,0.0,-0.528,194.36,0.0,0.0,0.0,0.0
2876,0.0,0.208,57.35,0.0,0.0,0.0,0.0
2877,0.0,-2.578,162.78,0.0,0.0,0.0,0.0
2878,0.0,0.335,234.88,0.0,0.0,0.0,0.0
2879,0.0,1.475,510.42,0.0,0.0,0.0,0.0
2880,0.0,1.293,109.72,0.0,0.0,0.0,0.0
2881,0.0,2.501,192.15,0.0,0.0,0.0,0.0
2882,0.0,-1.084,443.84,0.0,0.0,0.0,0.0
2883,0.0,-0.942,2797.55,0.0,0.0,0.0,0.0
2884,0.0,-0.974,802.48,0.0,0.0,0.0,0.0
2885,0.0,-2.774,259.08,0.0,0.0,0.0,0.0
2886,0.0,-0.728,92.4,0.0,0.0,0.0,0.0
2887,0.0,-2.366,1548.16,0.0,0.0,0.0,0.0
2888,0.0,1.673,2622.09,0.0,0.0,0.0,0.0
2889,0.0,2.931,198.03,0.0,0.0,0.0,0.0
2890,0.0,-1.937,40.83,0.0,0.0,0.0,0.0
2891,0.0,-2.75,862.57,0.0,0.0,0.0,0.0
2892,0.0,-2.426,156.71,0.0,0.0,0.0,0.0
2893,0.0,-2.655,2322.42,0.0,0.0,0.0,0.0
2894,0.0,0.055,2386.3,0.0,0.0,0.0,0.0
2895,0.0,-3.051,1867.8,0.0,0.0,0.0,0.0
2896,0.0,-0.736,424.11,0.0,0.0,0.0,0.0
2897,0.0,-2.833,457.56,0.0,0.0,0.0,0.0
2898,0.0,-1.426,237.68,0.0,0.0,0.0,0.0
2899,0.0,-0.506,61.22,0.0,0.0,0.0,0.0
2900,0.0,2.733,188.84,0.0,0.0,0.0,0.0
2901,0.0,-0.505,158.06,0.0,0.0,0.0,0.0
2902,0.0,-1.85,615.01,0.0,0.0,0.0,0.0
2903,0.0,2.989,405.56,0.0,0.0,0.0,0.0
2904,0.0,-3.09,390.62,0.0,0.0,0.0,0.0
2905,0.0,-0.708,179.66,0.0,0.0,0.0,0.0
2906,0.0,0.61,1066.37,0.0,0.0,0.0,0.0
2907,0.0,-0.436,856.13,0.0,0.0,0.0,0.0
2908,0.0,-2.254,742.93,0.0,0.0,0.0,0.0
2909,0.0,0.139,1281.11,0.0,0.0,0.0,0.0
2910,0.0,-0.568,245.5,0.0,0.0,0.0,0.0
2911,0.0,1.661,164.75,0.0,0.0,0.0,0.0
2912,0.0,-0.293,219.59,0.0,0.0,0.0,0.0
2913,0.0,2.628,460.66,0.0,0.0,0.0,0.0
2914,0.0,-1.316,17.63,0.0,0.0,0.0,0.0
2915,0.0,1.595,247.62,0.0,0.0,0.0,0.0
2916,0.0,0.726,564.57,0.0,0.0,0.0,0.0
2917,0.0,1.664,699.03,0.0,0.0,0.0,0.0
2918,0.0,2.838,2580.1,0.0,0.0,0.0,0.0
2919,0.0,-0.858,708.4,0.0,0.0,0.0,0.0
2920,0.0,0.419,535.62,0.0,0.0,0.0,0.0
2921,0.0,-2.638,359.83,0.0,0.0,0.0,0.0
2922,0.0,-0.083,1952.38,0.0,0.0,0.0,0.0
2923,0.0,-2.267,202.3,0.0,0.0,0.0,0.0
2924,0.0,1.54,624.95,0.0,0.0,0.0,0.0
2925,0.0,-2.78,394.08,0.0,0.0,0.0,0.0
2926,0.0,-1.322,180.66,0.0,0.0,0.0,0.0
2927,0.0,0.947,28.28,0.0,0.0,0.0,0.0
2928,0.0,-3.131,662.66,0.0,0.0,0.0,0.0
2929,0.0,0.957,232.76,0.0,0.0,0.0,0.0
2930,0.0,2.731,90.54,0.0,0.0,0.0,0.0
2931,0.0,-1.991,381.64,0.0,0.0,0.0,0.0
2932,0.0,-1.303,665.49,0.0,0.0,0.0,0.0
2933,0.0,2.303,92.18,0.0,0.0,0.0,0.0
2934,0.0,-2.614,120.32,0.0,0.0,0.0,0.0
2935,0.0,1.629,119.05,0.0,0.0,0.0,0.0
2936,0.0,2.175,351.48,0.0,0.0,0.0,0.0
2937,0.0,0.015,893.15,0.0,0.0,0.0,0.0
2938,0.0,2.58,205.21,0.0,0.0,0.0,0.0
2939,0.0,-3.031,2271.6,0.0,0.0,0.0,0.0
2940,0.0,0.308,275.36,0.0,0.0,0.0,0.0
2941,0.0,-2.287,500.19,0.0,0.0,0.0,0.0
2942,0.0,-1.9,311.68,0.0,0.0,0.0,0.0
2943,0.0,0.781,529.32,0.0,0.0,0.0,0.0
2944,0.0,2.663,476.24,0.0,0.0,0.0,0.0
2945,0.0,-0.632,40.2,0.0,0.0,0.0,0.0
2946,0.0,0.806,158.43,0.0,0.0,0.0,0.0
2947,0.0,-2.905,577.44,0.0,0.0,0.0,0.0
2948,0.0,0.251,34.52,0.0,0.0,0.0,0.0
2949,0.0,-0.281,786.09,0.0,0.0,0.0,0.0
2950,0.0,-0.083,448.09,0.0,0.0,0.0,0.0
2951,0.0,-2.553,467.79,0.0,0.0,0.0,0.0
2952,0.0,-2.904,322.93,0.0,0.0,0.0,0.0
2953,0.0,3.055,480.36,0.0,0.0,0.0,0.0
2954,0.0,-1.315,107.25,0.0,0.0,0.0,0.0
2955,0.0,-1.875,271.51,0.0,0.0,0.0,0.0
2956,0.0,-2.423,492.1,0.0,0.0,0.0,0.0
2957,0.0,-2.367,223.64,0.0,0.0,0.0,0.0
2958,0.0,2.568,197.47,0.0,0.0,0.0,0.0
2959,0.0,-2.137,882.68,0.0,0.0,0.0,0.0
2960,0.0,-1.934,452.68,0.0,0.0,0.0,0.0
2961,0.0,0.116,2742.52,0.0,0.0,0.0,0.0
2962,0.0,2.527,109.45,0.0,0.0,0.0,0.0
2963,0.0,0.086,106.04,0.0,0.0,0.0,0.0
2964,0.0,-0.481,978.37,0.0,0.0,0.0,0.0
2965,0.0,1.823,103.98,0.0,0.0,0.0,0.0
2966,0.0,2.853,75.49,0.0,0.0,0.0,0.0
2967,0.0,2.752,158.17,0.0,0.0,0.0,0.0
2968,0.0,0.535,2699.0,0.0,0.0,0.0,0.0
2969,0.0,0.887,135.54,0.0,0.0,0.0,0.0
2970,0.0,-0.402,1850.81,0.0,0.0,0.0,0.0
2971,0.0,-0.081,1831.59,0.0,0.0,0.0,0.0
2972,0.0,-0.0,723.38,0.0,0.0,0.0,0.0
2973,0.0,0.156,49.25,0.0,0.0,0.0,0.0
2974,0.0,0.919,135.96,0.0,0.0,0.0,0.0
2975,0.0,2.742,87.51,0.0,0.0,0.0,0.0
2976,0.0,-2.42,248.6,0.0,0.0,0.0,0.0
2977,0.0,-1.798,457.82,0.0,0.0,0.0,0.0
2978,0.0,-2.508,760.85,0.0,0.0,0.0,0.0
2979,0.0,2.18,163.82,0.0,0.0,0.0,0.0
2980,0.0,0.635,724.8,0.0,0.0,0.0,0.0
2981,0.0,2.037,239.18,0.0,0.0,0.0,0.0
2982,0.0,-2.755,198.72,0.0,0.0,0.0,0.0
2983,0.0,-1.05,213.7,0.0,0.0,0.0,0.0
2984,0.0,1.913,116.43,0.0,0.0,0.0,0.0
2985,0.0,-3.14,76.66,0.0,0.0,0.0,0.0
2986,0.0,0.25,316.74,0.0,0.0,0.0,0.0
2987,0.0,-3.041,144.34,0.0,0.0,0.0,0.0
2988,0.0,2.765,85.51,0.0,0.0,0.0,0.0
2989,0.0,-0.433,644.42,0.0,0.0,0.0,0.0
2990,0.0,0.356,888.75,0.0,0.0,0.0,0.0
2991,0.0,-2.226,137.35,0.0,0.0,0.0,0.0
2992,0.0,-1.975,422.89,0.0,0.0,0.0,0.0
2993,0.0,-2.739,369.62,0.0,0.0,0.0,0.0
2994,0.0,2.113,627.9,0.0,0.0,0.0,0.0
2995,0.0,0.787,930.28,0.0,0.0,0.0,0.0
2996,0.0,1.466,2436.6,0.0,0.0,0.0,0.0
2997,0.0,0.558,325.87,0.0,0.0,0.0,0.0
2998,0.0,-1.921,62.57,0.0,0.0,0.0,0.0
2999,0.0,-1.744,90.39,0.0,0.0,0.0,0.0
3000,0.0,-3.133,199.32,0.0,0.0,0.0,0.0
3001,0.0,1.252,750.79,0.0,0.0,0.0,0.0
3002,0.0,-0.059,187.1,0.0,0.0,0.0,0.0
3003,0.0,1.374,87.06,0.0,0.0,0.0,0.0
3004,0.0,1.957,1448.58,0.0,0.0,0.0,0.0
3005,0.0,2.73,2493.89,0.0,0.0,0.0,0.0
3006,0.0,0.733,1040.16,0.0,0.0,0.0,0.0
3007,0.0,-2.824,283.06,0.0,0.0,0.0,0.0
3008,0.0,1.73,1216.6,0.0,0.0,0.0,0.0
3009,0.0,-3.042,248.95,0.0,0.0,0.0,0.0
3010,0.0,1.697,197.09,0.0,0.0,0.0,0.0
3011,0.0,-1.072,411.88,0.0,0.0,0.0,0.0
3012,0.0,2.217,133.51,0.0,0.0,0.0,0.0
3013,0.0,-2.7,1494.79,0.0,0.0,0.0,0.0
3014,0.0,0.619,335.53,0.0,0.0,0.0,0.0
3015,0.0,1.866,242.86,0.0,0.0,0.0,0.0
3016,0.0,1.858,307.51,0.0,0.0,0.0,0.0
3017,0.0,-1.696,576.86,0.0,0.0,0.0,0.0
3018,0.0,3.067,1038.14,0.0,0.0,0.0,0.0
3019,0.0,1.453,678.87,0.0,0.0,0.0,0.0
3020,0.0,0.596,415.22,0.0,0.0,0.0,0.0
3021,0.0,0.287,649.4,0.0,0.0,0.0,0.0
3022,0.0,1.66,974.37,0.0,0.0,0.0,0.0
3023,0.0,0.193,459.6,0.0,0.0,0.0,0.0
3024,0.0,1.609,596.25,0.0,0.0,0.0,0.0
3025,0.0,3.128,109.48,0.0,0.0,0.0,0.0
3026,0.0,-0.236,339.58,0.0,0.0,0.0,0.0
3027,0.0,-1.746,295.03,0.0,0.0,0.0,0.0
3028,0.0,0.656,267.08,0.0,0.0,0.0,0.0
3029,0.0,-0.607,448.53,0.0,0.0,0.0,0.0
3030,0.0,1.79,584.96,0.0,0.0,0.0,0.0
3031,0.0,-0.473,977.38,0.0,0.0,0.0,0.0
3032,0.0,2.767,190.5,0.0,0.0,0.0,0.0
3033,0.0,-0.755,664.97,0.0,0.0,0.0,0.0
3034,0.0,0.171,1235.32,0.0,0.0,0.0,0.0
3035,0.0,-3.03,177.73,0.0,0.0,0.0,0.0
3036,0.0,1.888,659.66,0.0,0.0,0.0,0.0
3037,0.0,0.565,339.73,0.0,0.0,0.0,0.0
3038,0.0,-1.842,753.33,0.0,0.0,0.0,0.0
3039,0.0,-3.03,1478.53,0.0,0.0,0.0,0.0
3040,0.0,-0.014,139.36,0.0,0.0,0.0,0.0
3041,0.0,1.6,1056.76,0.0,0.0,0.0,0.0
3042,0.0,1.284,1588.22,0.0,0.0,0.0,0.0
3043,0.0,-2.378,454.78,0.0,0.0,0.0,0.0
3044,0.0,2.008,1372.77,0.0,0.0,0.0,0.0
3045,0.0,2.171,399.96,0.0,0.0,0.0,0.0
3046,0.0,-2.813,36.8,0.0,0.0,0.0,0.0
3047,0.0,-3.044,454.93,0.0,0.0,0.0,0.0
3048,0.0,2.879,229.47,0.0,0.0,0.0,0.0
3049,0.0,1.136,151.04,0.0,0.0,0.0,0.0
3050,0.0,-0.488,3227.05,0.0,0.0,0.0,0.0
3051,0.0,-1.105,72.21,0.0,0.0,0.0,0.0
3052,0.0,1.039,84.35,0.0,0.0,0.0,0.0
3053,0.0,2.406,1925.8,0.0,0.0,0.0,0.0
3054,0.0,2.051,670.83,0.0,0.0,0.0,0.0
3055,0.0,1.386,147.55,0.0,0.0,0.0,0.0
3056,0.0,-0.832,130.94,0.0,0.0,0.0,0.0
3057,0.0,-1.053,1851.56,0.0,0.0,0.0,0.0
3058,0.0,-2.81,1411.34,0.0,0.0,0.0,0.0
3059,0.0,-1.292,1047.36,0.0,0.0,0.0,0.0
3060,0.0,2.995,816.55,0.0,0.0,0.0,0.0
3061,0.0,1.77,1711.46,0.0,0.0,0.0,0.0
3062,0.0,-1.709,81.02,0.0,0.0,0.0,0.0
3063,0.0,-2.612,203.58,0.0,0.0,0.0,0.0
3064,0.0,2.185,146.33,0.0,0.0,0.0,0.0
3065,0.0,-2.836,205.31,0.0,0.0,0.0,0.0
3066,0.0,-2.636,426.36,0.0,0.0,0.0,0.0
3067,0.0,2.828,125.78,0.0,0.0,0.0,0.0
3068,0.0,0.301,737.05,0.0,0.0,0.0,0.0
3069,0.0,-0.557,128.72,0.0,0.0,0.0,0.0
3070,0.0,1.055,131.4,0.0,0.0,0.0,0.0
3071,0.0,-1.579,1318.19,0.0,0.0,0.0,0.0
3072,0.0,-0.798,268.37,0.0,0.0,0.0,0.0
3073,0.0,2.907,2121.69,0.0,0.0,0.0,0.0
3074,0.0,-1.589,280.43,0.0,0.0,0.0,0.0
3075,0.0,-1.888,69.87,0.0,0.0,0.0,0.0
3076,0.0,1.144,2703.37,0.0,0.0,0.0,0.0
3077,0.0,0.137,209.0,0.0,0.0,0.0,0.0
3078,0.0,1.681,592.34,0.0,0.0,0.0,0.0
3079,0.0,2.825,406.47,0.0,0.0,0.0,0.0
3080,0.0,-1.718,2650.85,0.0,0.0,0.0,0.0
3081,0.0,-2.008,325.75,0.0,0.0,0.0,0.0
3082,0.0,-0.8,329.89,0.0,0.0,0.0,0.0
3083,0.0,0.598,977.34,0.0,0.0,0.0,0.0
3084,0.0,-1.813,871.61,0.0,0.0,0.0,0.0
3085,0.0,-1.577,38.76,0.0,0.0,0.0,0.0
3086,0.0,-0.599,267.96,0.0,0.0,0.0,0.0
3087,0.0,2.952,643.92,0.0,0.0,0.0,0.0
3088,0.0,-2.885,755.21,0.0,0.0,0.0,0.0
3089,0.0,2.211,333.28,0.0,0.0,0.0,0.0
3090,0.0,-1.016,3062.33,0.0,0.0,0.0,0.0
3091,0.0,0.683,185.4,0.0,0.0,0.0,0.0
3092,0.0,-2.739,37.74,0.0,0.0,0.0,0.0
3093,0.0,1.131,398.55,0.0,0.0,0.0,0.0
3094,0.0,1.429,199.26,0.0,0.0,0.0,0.0
3095,0.0,2.64,436.16,0.0,0.0,0.0,0.0
3096,0.0,-1.499,818.48,0.0,0.0,0.0,0.0
3097,0.0,-2.944,1494.02,0.0,0.0,0.0,0.0
3098,0.0,-2.019,184.6,0.0,0.0,0.0,0.0
3099,0.0,-0.869,220.35,0.0,0.0,0.0,0.0
3100,0.0,-0.888,178.44,0.0,0.0,0.0,0.0
3101,0.0,2.472,712.49,0.0,0.0,0.0,0.0
3102,0.0,2.762,58.36,0.0,0.0,0.0,0.0
3103,0.0,-3.138,837.63,0.0,0.0,0.0,0.0
3104,0.0,-3.135,168.82,0.0,0.0,0.0,0.0
3105,0.0,-0.275,288.58,0.0,0.0,0.0,0.0
3106,0.0,-0.522,1344.69,0.0,0.0,0.0,0.0
3107,0.0,1.411,210.46,0.0,0.0,0.0,0.0
3108,0.0,-1.797,111.34,0.0,0.0,0.0,0.0
3109,0.0,0.306,75.44,0.0,0.0,0.0,0.0
3110,0.0,-0.628,774.36,0.0,0.0,0.0,0.0
3111,0.0,0.254,1298.45,0.0,0.0,0.0,0.0
3112,0.0,3.005,161.43,0.0,0.0,0.0,0.0
3113,0.0,-1.521,99.22,0.0,0.0,0.0,0.0
3114,0.0,-0.129,1434.7,0.0,0.0,0.0,0.0
3115,0.0,-0.509,2166.22,0.0,0.0,0.0,0.0
3116,0.0,2.865,121.12,0.0,0.0,0.0,0.0
3117,0.0,-2.707,21.39,0.0,0.0,0.0,0.0
3118,0.0,0.054,654.53,0.0,0.0,0.0,0.0
3119,0.0,2.292,522.81,0.0,0.0,0.0,0.0
3120,0.0,1.76,131.97,0.0,0.0,0.0,0.0
3121,0.0,-1.012,462.29,0.0,0.0,0.0,0.0
3122,0.0,-2.284,275.18,0.0,0.0,0.0,0.0
3123,0.0,0.237,1938.85,0.0,0.0,0.0,0.0
3124,0.0,2.494,206.26,0.0,0.0,0.0,0.0
3125,0.0,-3.003,123.43,0.0,0.0,0.0,0.0
3126,0.0,-1.9,556.99,0.0,0.0,0.0,0.0
3127,0.0,-0.201,185.35,0.0,0.0,0.0,0.0
3128,0.0,-2.874,1299.3,0.0,0.0,0.0,0.0
3129,0.0,-1.867,154.15,0.0,0.0,0.0,0.0
3130,0.0,-2.968,523.63,0.0,0.0,0.0,0.0
3131,0.0,-0.494,1829.89,0.0,0.0,0.0,0.0
3132,0.0,-1.817,565.66,0.0,0.0,0.0,0.0
3133,0.0,-2.831,229.45,0.0,0.0,0.0,0.0
3134,0.0,0.378,1376.09,0.0,0.0,0.0,0.0
3135,0.0,2.88,1576.6,0.0,0.0,0.0,0.0
3136,0.0,-1.351,329.75,0.0,0.0,0.0,0.0
3137,0.0,-1.227,115.66,0.0,0.0,0.0,0.0
3138,0.0,0.089,682.78,0.0,0.0,0.0,0.0
3139,0.0,2.643,1232.07,0.0,0.0,0.0,0.0
3140,0.0,-3.041,347.31,0.0,0.0,0.0,0.0
3141,0.0,0.894,185.4,0.0,0.0,0.0,0.0
3142,0.0,0.564,357.53,0.0,0.0,0.0,0.0
3143,0.0,-2.608,361.95,0.0,0.0,0.0,0.0
3144,0.0,2.731,773.29,0.0,0.0,0.0,0.0
3145,0.0,1.668,356.99,0.0,0.0,0.0,0.0
3146,0.0,-0.581,73.45,0.0,0.0,0.0,0.0
3147,0.0,-2.952,122.1,0.0,0.0,0.0,0.0
3148,0.0,-2.632,1644.36,0.0,0.0,0.0,0.0
3149,0.0,-1.142,346.98,0.0,0.0,0.0,0.0
3150,0.0,-1.165,234.5,0.0,0.0,0.0,0.0
3151,0.0,-1.386,549.38,0.0,0.0,0.0,0.0
3152,0.0,1.949,205.65,0.0,0.0,0.0,0.0
3153,0.0,-0.864,168.28,0.0,0.0,0.0,0.0
3154,0.0,-0.18,55.05,0.0,0.0,0.0,0.0
3155,0.0,-2.402,2700.08,0.0,0.0,0.0,0.0
3156,0.0,0.406,824.65,0.0,0.0,0.0,0.0
3157,0.0,0.383,717.87,0.0,0.0,0.0,0.0
3158,0.0,-3.059,1007.64,0.0,0.0,0.0,0.0
3159,0.0,2.003,131.25,0.0,0.0,0.0,0.0
3160,0.0,-2.109,115.64,0.0,0.0,0.0,0.0
3161,0.0,2.794,183.63,0.0,0.0,0.0,0.0
3162,0.0,1.44,1973.19,0.0,0.0,0.0,0.0
3163,0.0,2.593,101.56,0.0,0.0,0.0,0.0
3164,0.0,-0.903,425.75,0.0,0.0,0.0,0.0
3165,0.0,1.602,183.28,0.0,0.0,0.0,0.0
3166,0.0,-1.944,8651.42,0.0,0.0,0.0,0.0
3167,0.0,1.455,293.2,0.0,0.0,0.0,0.0
3168,0.0,2.646,1005.58,0.0,0.0,0.0,0.0
3169,0.0,0.85,109.97,0.0,0.0,0.0,0.0
3170,0.0,-2.805,719.65,0.0,0.0,0.0,0.0
3171,0.0,0.628,283.85,0.0,0.0,0.0,0.0
3172,0.0,-0.745,85.13,0.0,0.0,0.0,0.0
3173,0.0,0.386,298.14,0.0,0.0,0.0,0.0
3174,0.0,0.319,72.92,0.0,0.0,0.0,0.0
3175,0.0,-2.301,123.83,0.0,0.0,0.0,0.0
3176,0.0,2.8,309.13,0.0,0.0,0.0,0.0
3177,0.0,-0.508,812.1,0.0,0.0,0.0,0.0
3178,0.0,-1.947,71.95,0.0,0.0,0.0,0.0
3179,0.0,-2.2,294.03,0.0,0.0,0.0,0.0
3180,0.0,0.312,457.25,0.0,0.0,0.0,0.0
3181,0.0,-0.001,221.17,0.0,0.0,0.0,0.0
3182,0.0,2.757,171.92,0.0,0.0,0.0,0.0
3183,0.0,-1.964,107.84,0.0,0.0,0.0,0.0
3184,0.0,-1.085,821.26,0.0,0.0,0.0,0.0
3185,0.0,-3.127,703.7,0.0,0.0,0.0,0.0
3186,0.0,-0.938,2128.34,0.0,0.0,0.0,0.0
3187,0.0,-2.595,30.3,0.0,0.0,0.0,0.0
3188,0.0,2.807,67.3,0.0,0.0,0.0,0.0
3189,0.0,3.108,45.26,0.0,0.0,0.0,0.0
3190,0.0,0.96,360.9,0.0,0.0,0.0,0.0
3191,0.0,-1.613,505.51,0.0,0.0,0.0,0.0
3192,0.0,2.587,476.07,0.0,0.0,0.0,0.0
3193,0.0,0.661,42.94,0.0,0.0,0.0,0.0
3194,0.0,2.28,136.68,0.0,0.0,0.0,0.0
3195,0.0,-1.302,147.72,0.0,0.0,0.0,0.0
3196,0.0,-2.304,344.59,0.0,0.0,0.0,0.0
3197,0.0,-2.748,499.16,0.0,0.0,0.0,0.0
3198,0.0,-2.579,253.86,0.0,0.0,0.0,0.0
3199,0.0,-0.61,249.34,0.0,0.0,0.0,0.0
3200,0.0,-1.378,1158.38,0.0,0.0,0.0,0.0
3201,0.0,-0.073,1056.22,0.0,0.0,0.0,0.0
3202,0.0,-0.61,724.35,0.0,0.0,0.0,0.0
3203,0.0,-0.125,285.24,0.0,0.0,0.0,0.0
3204,0.0,0.512,648.92,0.0,0.0,0.0,0.0
3205,0.0,-3.108,80.76,0.0,0.0,0.0,0.0
3206,0.0,2.578,43.72,0.0,0.0,0.0,0.0
3207,0.0,-1.819,612.15,0.0,0.0,0.0,0.0
3208,0.0,0.596,2641.76,0.0,0.0,0.0,0.0
3209,0.0,-2.478,531.11,0.0,0.0,0.0,0.0
3210,0.0,1.279,228.81,0.0,0.0,0.0,0.0
3211,0.0,0.069,1566.66,0.0,0.0,0.0,0.0
3212,0.0,0.303,236.11,0.0,0.0,0.0,0.0
3213,0.0,0.876,521.11,0.0,0.0,0.0,0.0
3214,0.0,-2.939,894.63,0.0,0.0,0.0,0.0
3215,0.0,-2.265,158.83,0.0,0.0,0.0,0.0
3216,0.0,-1.178,8.43,0.0,0.0,0.0,0.0
3217,0.0,-1.641,890.81,0.0,0.0,0.0,0.0
3218,0.0,1.677,208.35,0.0,0.0,0.0,0.0
3219,0.0,2.103,318.58,0.0,0.0,0.0,0.0
3220,0.0,0.102,110.65,0.0,0.0,0.0,0.0
3221,0.0,-2.323,1499.06,0.0,0.0,0.0,0.0
3222,0.0,3.044,279.1,0.0,0.0,0.0,0.0
3223,0.0,-2.375,1099.52,0.0,0.0,0.0,0.0
3224,0.0,-1.545,84.71,0.0,0.0,0.0,0.0
3225,0.0,0.786,60.08,0.0,0.0,0.0,0.0
3226,0.0,2.36,395.88,0.0,0.0,0.0,0.0
3227,0.0,3.035,160.69,0.0,0.0,0.0,0.0
3228,0.0,-2.044,121.01,0.0,0.0,0.0,0.0
3229,0.0,1.233,265.14,0.0,0.0,0.0,0.0
3230,0.0,1.138,546.87,0.0,0.0,0.0,0.0
3231,0.0,3.026,1758.76,0.0,0.0,0.0,0.0
3232,0.0,-1.233,181.96,0.0,0.0,0.0,0.0
3233,0.0,-1.084,1208.25,0.0,0.0,0.0,0.0
3234,0.0,2.56,390.89,0.0,0.0,0.0,0.0
3235,0.0,1.085,236.47,0.0,0.0,0.0,0.0
3236,0.0,-0.328,522.73,0.0,0.0,0.0,0.0
3237,0.0,0.457,394.68,0.0,0.0,0.0,0.0
3238,0.0,2.899,485.71,0.0,0.0,0.0,0.0
3239,0.0,-2.995,460.61,0.0,0.0,0.0,0.0
3240,0.0,-0.52,1835.6,0.0,0.0,0.0,0.0
3241,0.0,-2.508,308.77,0.0,0.0,0.0,0.0
3242,0.0,-1.06,180.96,0.0,0.0,0.0,0.0
3243,0.0,-0.175,2024.12,0.0,0.0,0.0,0.0
3244,0.0,-2.932,178.71,0.0,0.0,0.0,0.0
3245,0.0,0.145,314.04,0.0,0.0,0.0,0.0
3246,0.0,-2.51,777.04,0.0,0.0,0.0,0.0
3247,0.0,0.666,314.18,0.0,0.0,0.0,0.0
3248,0.0,-1.718,350.67,0.0,0.0,0.0,0.0
3249,0.0,-1.115,678.63,0.0,0.0,0.0,0.0
3250,0.0,-3.057,189.37,0.0,0.0,0.0,0.0
3251,0.0,-2.517,83.26,0.0,0.0,0.0,0.0
3252,0.0,-1.35,228.1,0.0,0.0,0.0,0.0
3253,0.0,0.072,549.09,0.0,0.0,0.0,0.0
3254,0.0,1.542,647.67,0.0,0.0,0.0,0.0
3255,0.0,2.535,199.03,0.0,0.0,0.0,0.0
3256,0.0,2.834,978.4,0.0,0.0,0.0,0.0
3257,0.0,-0.391,907.68,0.0,0.0,0.0,0.0
3258,0.0,-0.785,34.28,0.0,0.0,0.0,0.0
3259,0.0,-2.827,763.72,0.0,0.0,0.0,0.0
3260,0.0,-2.782,945.63,0.0,0.0,0.0,0.0
3261,0.0,2.241,268.84,0.0,0.0,0.0,0.0
3262,0.0,-0.946,2626.82,0.0,0.0,0.0,0.0
3263,0.0,-0.552,1835.05,0.0,0.0,0.0,0.0
3264,0.0,-0.829,558.1,0.0,0.0,0.0,0.0
3265,0.0,-2.868,159.07,0.0,0.0,0.0,0.0
3266,0.0,0.315,153.24,0.0,0.0,0.0,0.0
3267,0.0,0.844,373.57,0.0,0.0,0.0,0.0
3268,0.0,2.015,72.94,0.0,0.0,0.0,0.0
3269,0.0,0.355,71.07,0.0,0.0,0.0,0.0
3270,0.0,-2.398,1212.44,0.0,0.0,0.0,0.0
3271,0.0,-1.962,621.41,0.0,0.0,0.0,0.0
3272,0.0,-0.198,1074.34,0.0,0.0,0.0,0.0
3273,0.0,-2.142,1043.55,0.0,0.0,0.0,0.0
3274,0.0,2.059,1614.73,0.0,0.0,0.0,0.0
3275,0.0,2.418,87.03,0.0,0.0,0.0,0.0
3276,0.0,-2.559,3198.12,0.0,0.0,0.0,0.0
3277,0.0,2.021,197.91,0.0,0.0,0.0,0.0
3278,0.0,-2.593,1178.27,0.0,0.0,0.0,0.0
3279,0.0,-2.595,390.34,0.0,0.0,0.0,0.0
3280,0.0,-2.741,142.21,0.0,0.0,0.0,0.0
3281,0.0,-1.258,2029.22,0.0,0.0,0.0,0.0
3282,0.0,-0.515,3212.24,0.0,0.0,0.0,0.0
3283,0.0,1.551,2679.79,0.0,0.0,0.0,0.0
3284,0.0,1.445,312.22,0.0,0.0,0.0,0.0
3285,0.0,-2.726,793.87,0.0,0.0,0.0,0.0
3286,0.0,0.446,850.4,0.0,0.0,0.0,0.0
3287,0.0,-0.297,593.99,0.0,0.0,0.0,0.0
3288,0.0,3.091,284.43,0.0,0.0,0.0,0.0
3289,0.0,0.726,1354.36,0.0,0.0,0.0,0.0
3290,0.0,2.495,445.91,0.0,0.0,0.0,0.0
3291,0.0,-0.745,10.34,0.0,0.0,0.0,0.0
3292,0.0,-1.942,2206.05,0.0,0.0,0.0,0.0
3293,0.0,0.704,151.37,0.0,0.0,0.0,0.0
3294,0.0,-2.183,103.83,0.0,0.0,0.0,0.0
3295,0.0,0.057,405.2,0.0,0.0,0.0,0.0
3296,0.0,0.461,1225.54,0.0,0.0,0.0,0.0
3297,0.0,-0.593,86.24,0.0,0.0,0.0,0.0
3298,0.0,3.065,212.47,0.0,0.0,0.0,0.0
3299,0.0,-2.777,929.43,0.0,0.0,0.0,0.0
3300,0.0,1.115,381.17,0.0,0.0,0.0,0.0
3301,0.0,-3.022,556.88,0.0,0.0,0.0,0.0
3302,0.0,-0.967,814.13,0.0,0.0,0.0,0.0
3303,0.0,-0.911,175.12,0.0,0.0,0.0,0.0
3304,0.0,2.119,1369.57,0.0,0.0,0.0,0.0
3305,0.0,1.811,1934.21,0.0,0.0,0.0,0.0
3306,0.0,-0.527,410.55,0.0,0.0,0.0,0.0
3307,0.0,2.902,241.32,0.0,0.0,0.0,0.0
3308,0.0,0.324,2027.6,0.0,0.0,0.0,0.0
3309,0.0,-0.499,432.92,0.0,0.0,0.0,0.0
3310,0.0,1.473,226.36,0.0,0.0,0.0,0.0
3311,0.0,1.205,346.5,0.0,0.0,0.0,0.0
3312,0.0,0.214,203.75,0.0,0.0,0.0,0.0
3313,0.0,-1.404,79.99,0.0,0.0,0.0,0.0
3314,0.0,2.323,323.07,0.0,0.0,0.0,0.0
3315,0.0,1.631,31.77,0.0,0.0,0.0,0.0
3316,0.0,-1.523,1502.58,0.0,0.0,0.0,0.0
3317,0.0,-1.084,1212.86,0.0,0.0,0.0,0.0
3318,0.0,-2.088,123.99,0.0,0.0,0.0,0.0
3319,0.0,0.094,448.76,0.0,0.0,0.0,0.0
3320,0.0,-2.06,95.42,0.0,0.0,0.0,0.0
3321,0.0,-0.645,420.34,0.0,0.0,0.0,0.0
3322,0.0,-1.573,599.71,0.0,0.0,0.0,0.0
3323,0.0,-0.812,236.33,0.0,0.0,0.0,0.0
3324,0.0,-2.12,426.55,0.0,0.0,0.0,0.0
3325,0.0,0.626,333.96,0.0,0.0,0.0,0.0
3326,0.0,2.304,653.02,0.0,0.0,0.0,0.0
3327,0.0,-0.376,351.92,0.0,0.0,0.0,0.0
3328,0.0,3.111,319.07,0.0,0.0,0.0,0.0
3329,0.0,-0.856,3856.92,0.0,0.0,0.0,0.0
3330,0.0,1.338,421.95,0.0,0.0,0.0,0.0
3331,0.0,1.448,1265.09,0.0,0.0,0.0,0.0
3332,0.0,-0.633,1006.57,0.0,0.0,0.0,0.0
3333,0.0,-3.059,174.7,0.0,0.0,0.0,0.0
3334,0.0,2.648,820.02,0.0,0.0,0.0,0.0
3335,0.0,-2.943,536.64,0.0,0.0,0.0,0.0
3336,0.0,-0.302,195.34,0.0,0.0,0.0,0.0
3337,0.0,0.593,503.69,0.0,0.0,0.0,0.0
3338,0.0,1.758,1947.72,0.0,0.0,0.0,0.0
3339,0.0,-1.384,664.36,0.0,0.0,0.0,0.0
3340,0.0,-2.452,154.68,0.0,0.0,0.0,0.0
3341,0.0,-0.188,353.3,0.0,0.0,0.0,0.0
3342,0.0,2.466,970.43,0.0,0.0,0.0,0.0
3343,0.0,-3.038,574.42,0.0,0.0,0.0,0.0
3344,0.0,-1.111,2949.53,0.0,0.0,0.0,0.0
3345,0.0,1.499,71.26,0.0,0.0,0.0,0.0
3346,0.0,-1.631,1838.29,0.0,0.0,0.0,0.0
3347,0.0,-1.288,77.92,0.0,0.0,0.0,0.0
3348,0.0,-3.036,235.93,0.0,0.0,0.0,0.0
3349,0.0,-2.477,338.14,0.0,0.0,0.0,0.0
3350,0.0,1.477,43.35,0.0,0.0,0.0,0.0
3351,0.0,-1.815,1797.42,0.0,0.0,0.0,0.0
3352,0.0,1.155,275.98,0.0,0.0,0.0,0.0
3353,0.0,0.37,630.26,0.0,0.0,0.0,0.0
3354,0.0,-1.279,827.68,0.0,0.0,0.0,0.0
3355,0.0,-1.226,492.49,0.0,0.0,0.0,0.0
3356,0.0,1.472,346.09,0.0,0.0,0.0,0.0
3357,0.0,0.206,119.86,0.0,0.0,0.0,0.0
3358,0.0,1.069,752.2,0.0,0.0,0.0,0.0
3359,0.0,-1.273,1996.05,0.0,0.0,0.0,0.0
3360,0.0,-1.465,400.1,0.0,0.0,0.0,0.0
3361,0.0,-2.89,293.63,0.0,0.0,0.0,0.0
3362,0.0,-1.322,1977.73,0.0,0.0,0.0,0.0
3363,0.0,2.125,126.57,0.0,0.0,0.0,0.0
3364,0.0,-2.701,204.53,0.0,0.0,0.0,0.0
3365,0.0,-2.958,1197.25,0.0,0.0,0.0,0.0
3366,0.0,0.774,551.83,0.0,0.0,0.0,0.0
3367,0.0,2.122,417.35,0.0,0.0,0.0,0.0
3368,0.0,-0.615,326.42,0.0,0.0,0.0,0.0
3369,0.0,1.645,419.46,0.0,0.0,0.0,0.0
3370,0.0,-0.664,75.4,0.0,0.0,0.0,0.0
3371,0.0,2.593,1110.59,0.0,0.0,0.0,0.0
3372,0.0,-2.13,342.86,0.0,0.0,0.0,0.0
3373,0.0,1.31,27.86,0.0,0.0,0.0,0.0
3374,0.0,-2.339,1230.23,0.0,0.0,0.0,0.0
3375,0.0,2.877,427.81,0.0,0.0,0.0,0.0
3376,0.0,-2.166,517.6,0.0,0.0,0.0,0.0
3377,0.0,1.464,250.28,0.0,0.0,0.0,0.0
3378,0.0,2.666,182.61,0.0,0.0,0.0,0.0
3379,0.0,-1.337,122.23,0.0,0.0,0.0,0.0
3380,0.0,2.85,105.76,0.0,0.0,0.0,0.0
3381,0.0,-0.688,109.49,0.0,0.0,0.0,0.0
3382,0.0,2.667,810.28,0.0,0.0,0.0,0.0
3383,0.0,-0.859,314.02,0.0,0.0,0.0,0.0
3384,0.0,0.761,215.38,0.0,0.0,0.0,0.0
3385,0.0,-2.469,205.02,0.0,0.0,0.0,0.0
3386,0.0,0.213,119.25,0.0,0.0,0.0,0.0
3387,0.0,-0.376,107.78,0.0,0.0,0.0,0.0
3388,0.0,1.263,137.1,0.0,0.0,0.0,0.0
3389,0.0,-0.303,66.53,0.0,0.0,0.0,0.0
3390,0.0,-2.021,411.15,0.0,0.0,0.0,0.0
3391,0.0,-0.574,1289.23,0.0,0.0,0.0,0.0
3392,0.0,0.217,429.09,0.0,0.0,0.0,0.0
3393,0.0,2.314,82.69,0.0,0.0,0.0,0.0
3394,0.0,3.018,828.23,0.0,0.0,0.0,0.0
3395,0.0,-2.655,86.97,0.0,0.0,0.0,0.0
3396,0.0,2.675,110.15,0.0,0.0,0.0,0.0
3397,0.0,1.977,255.85,0.0,0.0,0.0,0.0
3398,0.0,-2.162,1031.96,0.0,0.0,0.0,0.0
3399,0.0,0.927,449.4,0.0,0.0,0.0,0.0
3400,0.0,-2.014,513.12,0.0,0.0,0.0,0.0
3401,0.0,-1.79,725.28,0.0,0.0,0.0,0.0
3402,0.0,1.344,703.23,0.0,0.0,0.0,0.0
3403,0.0,-1.658,1271.88,0.0,0.0,0.0,0.0
3404,0.0,-1.543,1361.5,0.0,0.0,0.0,0.0
3405,0.0,0.062,1026.14,0.0,0.0,0.0,0.0
3406,0.0,-1.138,95.93,0.0,0.0,0.0,0.0
3407,0.0,-2.626,177.31,0.0,0.0,0.0,0.0
3408,0.0,-1.13,673.33,0.0,0.0,0.0,0.0
3409,0.0,-0.789,170.21,0.0,0.0,0.0,0.0
3410,0.0,2.96,699.21,0.0,0.0,0.0,0.0
3411,0.0,-1.215,421.0,0.0,0.0,0.0,0.0
3412,0.0,-2.982,71.7,0.0,0.0,0.0,0.0
3413,0.0,-0.776,152.76,0.0,0.0,0.0,0.0
3414,0.0,0.209,33.58,0.0,0.0,0.0,0.0
3415,0.0,-2.844,821.91,0.0,0.0,0.0,0.0
3416,0.0,-2.712,212.57,0.0,0.0,0.0,0.0
3417,0.0,-1.908,467.57,0.0,0.0,0.0,0.0
3418,0.0,0.087,623.51,0.0,0.0,0.0,0.0
3419,0.0,0.91,2002.51,0.0,0.0,0.0,0.0
3420,0.0,0.638,193.12,0.0,0.0,0.0,0.0
3421,0.0,0.866,1636.69,0.0,0.0,0.0,0.0
3422,0.0,2.719,504.68,0.0,0.0,0.0,0.0
3423,0.0,2.59,581.38,0.0,0.0,0.0,0.0
3424,0.0,0.895,89.66,0.0,0.0,0.0,0.0
3425,0.0,0.708,328.7,0.0,0.0,0.0,0.0
3426,0.0,-2.36,464.65,0.0,0.0,0.0,0.0
3427,0.0,1.237,1791.56,0.0,0.0,0.0,0.0
3428,0.0,1.567,71.61,0.0,0.0,0.0,0.0
3429,0.0,0.113,1200.84,0.0,0.0,0.0,0.0
3430,0.0,1.416,315.47,0.0,0.0,0.0,0.0
3431,0.0,-1.87,39.99,0.0,0.0,0.0,0.0
3432,0.0,-2.016,336.17,0.0,0.0,0.0,0.0
3433,0.0,-0.279,369.99,0.0,0.0,0.0,0.0
3434,0.0,-2.919,356.18,0.0,0.0,0.0,0.0
3435,0.0,1.374,975.33,0.0,0.0,0.0,0.0
3436,0.0,2.187,2085.47,0.0,0.0,0.0,0.0
3437,0.0,-0.777,237.38,0.0,0.0,0.0,0.0
3438,0.0,-1.702,318.52,0.0,0.0,0.0,0.0
3439,0.0,-0.249,39.13,0.0,0.0,0.0,0.0
3440,0.0,2.512,155.72,0.0,0.0,0.0,0.0
3441,0.0,0.045,618.73,0.0,0.0,0.0,0.0
3442,0.0,-1.828,171.32,0.0,0.0,0.0,0.0
3443,0.0,-1.785,1006.38,0.0,0.0,0.0,0.0
3444,0.0,1.731,43.25,0.0,0.0,0.0,0.0
3445,0.0,-0.613,2192.08,0.0,0.0,0.0,0.0
3446,0.0,-0.046,1434.79,0.0,0.0,0.0,0.0
3447,0.0,1.98,271.33,0.0,0.0,0.0,0.0
3448,0.0,-0.007,91.65,0.0,0.0,0.0,0.0
3449,0.0,-1.766,794.12,0.0,0.0,0.0,0.0
3450,0.0,-2.119,259.77,0.0,0.0,0.0,0.0
3451,0.0,2.023,406.27,0.0,0.0,0.0,0.0
3452,0.0,-2.643,225.47,0.0,0.0,0.0,0.0
3453,0.0,3.127,173.79,0.0,0.0,0.0,0.0
3454,0.0,3.007,391.96,0.0,0.0,0.0,0.0
3455,0.0,0.587,351.27,0.0,0.0,0.0,0.0
3456,0.0,0.067,1059.5,0.0,0.0,0.0,0.0
3457,0.0,0.397,68.92,0.0,0.0,0.0,0.0
3458,0.0,1.456,98.21,0.0,0.0,0.0,0.0
3459,0.0,0.849,36.41,0.0,0.0,0.0,0.0
3460,0.0,-1.806,859.3,0.0,0.0,0.0,0.0
3461,0.0,-2.362,339.69,0.0,0.0,0.0,0.0
3462,0.0,0.035,787.05,0.0,0.0,0.0,0.0
3463,0.0,-2.211,1249.22,0.0,0.0,0.0,0.0
3464,0.0,2.966,162.89,0.0,0.0,0.0,0.0
3465,0.0,-0.694,208.28,0.0,0.0,0.0,0.0
3466,0.0,-2.481,87.8,0.0,0.0,0.0,0.0
3467,0.0,2.987,450.56,0.0,0.0,0.0,0.0
3468,0.0,2.397,338.81,0.0,0.0,0.0,0.0
3469,0.0,0.106,2510.97,0.0,0.0,0.0,0.0
3470,0.0,0.793,2311.08,0.0,0.0,0.0,0.0
3471,0.0,-1.152,72.58,0.0,0.0,0.0,0.0
3472,0.0,1.055,199.21,0.0,0.0,0.0,0.0
3473,0.0,-1.06,173.27,0.0,0.0,0.0,0.0
3474,0.0,-0.484,529.05,0.0,0.0,0.0,0.0
3475,0.0,2.754,142.73,0.0,0.0,0.0,0.0
3476,0.0,-2.649,799.38,0.0,0.0,0.0,0.0
3477,0.0,2.964,1623.55,0.0,0.0,0.0,0.0
3478,0.0,-0.657,430.55,0.0,0.0,0.0,0.0
3479,0.0,2.049,1591.75,0.0,0.0,0.0,0.0
3480,0.0,-1.497,505.87,0.0,0.0,0.0,0.0
3481,0.0,-1.629,1359.42,0.0,0.0,0.0,0.0
3482,0.0,1.77,272.05,0.0,0.0,0.0,0.0
3483,0.0,-1.348,1995.16,0.0,0.0,0.0,0.0
3484,0.0,0.65,302.85,0.0,0.0,0.0,0.0
3485,0.0,2.016,889.15,0.0,0.0,0.0,0.0
3486,0.0,-1.159,311.58,0.0,0.0,0.0,0.0
3487,0.0,1.072,421.0,0.0,0.0,0.0,0.0
3488,0.0,-1.82,810.61,0.0,0.0,0.0,0.0
3489,0.0,0.157,919.91,0.0,0.0,0.0,0.0
3490,0.0,0.909,122.61,0.0,0.0,0.0,0.0
3491,0.0,-0.845,56.21,0.0,0.0,0.0,0.0
3492,0.0,-0.695,152.8,0.0,0.0,0.0,0.0
3493,0.0,-2.747,402.63,0.0,0.0,0.0,0.0
3494,0.0,-1.74,228.38,0.0,0.0,0.0,0.0
3495,0.0,1.764,140.92,0.0,0.0,0.0,0.0
3496,0.0,1.586,217.33,0.0,0.0,0.0,0.0
3497,0.0,-2.077,367.37,0.0,0.0,0.0,0.0
3498,0.0,-0.4,208.23,0.0,0.0,0.0,0.0
3499,0.0,2.816,181.72,0.0,0.0,0.0,0.0
3500,0.0,1.83,724.27,0.0,0.0,0.0,0.0
3501,0.0,1.065,95.33,0.0,0.0,0.0,0.0
3502,0.0,-1.73,1298.61,0.0,0.0,0.0,0.0
3503,0.0,-1.351,62.02,0.0,0.0,0.0,0.0
3504,0.0,-2.49,221.4,0.0,0.0,0.0,0.0
3505,0.0,1.285,854.42,0.0,0.0,0.0,0.0
3506,0.0,-1.51,782.45,0.0,0.0,0.0,0.0
3507,0.0,2.77,624.91,0.0,0.0,0.0,0.0
3508,0.0,0.155,747.25,0.0,0.0,0.0,0.0
3509,0.0,0.651,494.63,0.0,0.0,0.0,0.0
3510,0.0,2.957,79.49,0.0,0.0,0.0,0.0
3511,0.0,2.906,465.61,0.0,0.0,0.0,0.0
3512,0.0,-1.087,249.17,0.0,0.0,0.0,0.0
3513,0.0,-0.883,1051.06,0.0,0.0,0.0,0.0
3514,0.0,-3.121,64.65,0.0,0.0,0.0,0.0
3515,0.0,-0.843,189.18,0.0,0.0,0.0,0.0
3516,0.0,1.563,1665.2,0.0,0.0,0.0,0.0
3517,0.0,1.139,97.5,0.0,0.0,0.0,0.0
3518,0.0,-1.236,1642.93,0.0,0.0,0.0,0.0
3519,0.0,-2.759,656.33,0.0,0.0,0.0,0.0
3520,0.0,1.548,160.24,0.0,0.0,0.0,0.0
3521,0.0,1.876,182.27,0.0,0.0,0.0,0.0
3522,0.0,0.174,1426.29,0.0,0.0,0.0,0.0
3523,0.0,-0.315,817.08,0.0,0.0,0.0,0.0
3524,0.0,0.575,442.17,0.0,0.0,0.0,0.0
3525,0.0,-2.958,256.82,0.0,0.0,0.0,0.0
3526,0.0,2.999,390.62,0.0,0.0,0.0,0.0
3527,0.0,1.679,140.17,0.0,0.0,0.0,0.0
3528,0.0,2.345,814.31,0.0,0.0,0.0,0.0
3529,0.0,-2.591,151.57,0.0,0.0,0.0,0.0
3530,0.0,-2.082,91.99,0.0,0.0,0.0,0.0
3531,0.0,-2.832,242.21,0.0,0.0,0.0,0.0
3532,0.0,2.494,200.62,0.0,0.0,0.0,0.0
3533,0.0,-2.546,1257.14,0.0,0.0,0.0,0.0
3534,0.0,-1.706,2265.26,0.0,0.0,0.0,0.0
3535,0.0,1.06,454.44,0.0,0.0,0.0,0.0
3536,0.0,2.332,120.13,0.0,0.0,0.0,0.0
3537,0.0,0.409,2107.11,0.0,0.0,0.0,0.0
3538,0.0,-0.252,267.48,0.0,0.0,0.0,0.0
3539,0.0,2.072,1817.96,0.0,0.0,0.0,0.0
3540,0.0,0.093,275.51,0.0,0.0,0.0,0.0
3541,0.0,-1.496,412.13,0.0,0.0,0.0,0.0
3542,0.0,0.684,181.88,0.0,0.0,0.0,0.0
3543,0.0,2.633,719.91,0.0,0.0,0.0,0.0
3544,0.0,-1.445,199.62,0.0,0.0,0.0,0.0
3545,0.0,0.727,77.29,0.0,0.0,0.0,0.0
3546,0.0,1.144,553.28,0.0,0.0,0.0,0.0
3547,0.0,-1.941,864.53,0.0,0.0,0.0,0.0
3548,0.0,2.993,2398.65,0.0,0.0,0.0,0.0
3549,0.0,-0.852,490.15,0.0,0.0,0.0,0.0
3550,0.0,-0.219,490.34,0.0,0.0,0.0,0.0
3551,0.0,-2.549,138.63,0.0,0.0,0.0,0.0
3552,0.0,1.899,1102.09,0.0,0.0,0.0,0.0
3553,0.0,0.451,349.11,0.0,0.0,0.0,0.0
3554,0.0,2.441,88.96,0.0,0.0,0.0,0.0
3555,0.0,2.032,271.29,0.0,0.0,0.0,0.0
3556,0.0,1.964,48.55,0.0,0.0,0.0,0.0
3557,0.0,-0.333,1386.44,0.0,0.0,0.0,0.0
3558,0.0,1.047,476.13,0.0,0.0,0.0,0.0
3559,0.0,0.762,269.9,0.0,0.0,0.0,0.0
3560,0.0,-0.462,147.52,0.0,0.0,0.0,0.0
3561,0.0,1.704,309.16,0.0,0.0,0.0,0.0
3562,0.0,1.584,93.82,0.0,0.0,0.0,0.0
3563,0.0,-2.691,621.82,0.0,0.0,0.0,0.0
3564,0.0,1.873,254.35,0.0,0.0,0.0,0.0
3565,0.0,0.166,207.41,0.0,0.0,0.0,0.0
3566,0.0,2.088,1681.19,0.0,0.0,0.0,0.0
3567,0.0,-0.001,1025.52,0.0,0.0,0.0,0.0
3568,0.0,0.035,946.37,0.0,0.0,0.0,0.0
3569,0.0,-2.411,886.56,0.0,0.0,0.0,0.0
3570,0.0,0.679,1723.09,0.0,0.0,0.0,0.0
3571,0.0,0.889,199.31,0.0,0.0,0.0,0.0
3572,0.0,-0.872,783.51,0.0,0.0,0.0,0.0
3573,0.0,-3.113,258.29,0.0,0.0,0.0,0.0
3574,0.0,-0.76,2006.15,0.0,0.0,0.0,0.0
3575,0.0,-1.754,414.34,0.0,0.0,0.0,0.0
3576,0.0,-1.15,1345.95,0.0,0.0,0.0,0.0
3577,0.0,2.824,1065.45,0.0,0.0,0.0,0.0
3578,0.0,-2.273,298.74,0.0,0.0,0.0,0.0
3579,0.0,-2.601,124.7,0.0,0.0,0.0,0.0
3580,0.0,0.854,649.68,0.0,0.0,0.0,0.0
3581,0.0,1.531,1859.13,0.0,0.0,0.0,0.0
3582,0.0,-2.222,1319.46,0.0,0.0,0.0,0.0
3583,0.0,2.317,3382.3,0.0,0.0,0.0,0.0
3584,0.0,0.771,461.0,0.0,0.0,0.0,0.0
3585,0.0,-0.591,177.79,0.0,0.0,0.0,0.0
3586,0.0,2.557,230.27,0.0,0.0,0.0,0.0
3587,0.0,-2.045,170.31,0.0,0.0,0.0,0.0
3588,0.0,-2.715,43.61,0.0,0.0,0.0,0.0
3589,0.0,1.298,30.48,0.0,0.0,0.0,0.0
3590,0.0,1.02,79.32,0.0,0.0,0.0,0.0
3591,0.0,-0.838,1396.95,0.0,0.0,0.0,0.0
3592,0.0,2.228,1234.84,0.0,0.0,0.0,0.0
3593,0.0,-2.595,197.34,0.0,0.0,0.0,0.0
3594,0.0,-2.016,1202.35,0.0,0.0,0.0,0.0
3595,0.0,1.415,170.67,0.0,0.0,0.0,0.0
3596,0.0,0.176,521.33,0.0,0.0,0.0,0.0
3597,0.0,-1.299,462.03,0.0,0.0,0.0,0.0
3598,0.0,-2.364,767.32,0.0,0.0,0.0,0.0
3599,0.0,2.251,186.85,0.0,0.0,0.0,0.0
3600,0.0,1.391,106.84,0.0,0.0,0.0,0.0
3601,0.0,-1.225,224.24,0.0,0.0,0.0,0.0
3602,0.0,-1.845,234.13,0.0,0.0,0.0,0.0
3603,0.0,2.992,1926.1,0.0,0.0,0.0,0.0
3604,0.0,-1.97,2108.5,0.0,0.0,0.0,0.0
3605,0.0,-2.95,622.57,0.0,0.0,0.0,0.0
3606,0.0,-1.146,539.12,0.0,0.0,0.0,0.0
3607,0.0,-0.239,509.56,0.0,0.0,0.0,0.0
3608,0.0,0.611,2554.47,0.0,0.0,0.0,0.0
3609,0.0,0.18,177.97,0.0,0.0,0.0,0.0
3610,0.0,-1.227,531.57,0.0,0.0,0.0,0.0
3611,0.0,1.719,161.7,0.0,0.0,0.0,0.0
3612,0.0,-2.387,196.4,0.0,0.0,0.0,0.0
3613,0.0,-1.57,1783.14,0.0,0.0,0.0,0.0
3614,0.0,-1.064,127.39,0.0,0.0,0.0,0.0
3615,0.0,-2.011,1168.95,0.0,0.0,0.0,0.0
3616,0.0,-0.926,472.81,0.0,0.0,0.0,0.0
3617,0.0,1.381,212.95,0.0,0.0,0.0,0.0
3618,0.0,-1.299,661.68,0.0,0.0,0.0,0.0
3619,0.0,1.726,1965.59,0.0,0.0,0.0,0.0
3620,0.0,2.472,309.92,0.0,0.0,0.0,0.0
3621,0.0,-2.19,811.04,0.0,0.0,0.0,0.0
3622,0.0,0.324,258.31,0.0,0.0,0.0,0.0
3623,0.0,2.774,172.38,0.0,0.0,0.0,0.0
3624,0.0,0.802,292.4,0.0,0.0,0.0,0.0
3625,0.0,-2.963,755.22,0.0,0.0,0.0,0.0
3626,0.0,-0.081,214.85,0.0,0.0,0.0,0.0
3627,0.0,3.115,639.26,0.0,0.0,0.0,0.0
3628,0.0,-0.148,298.83,0.0,0.0,0.0,0.0
3629,0.0,-1.582,307.03,0.0,0.0,0.0,0.0
3630,0.0,2.233,169.91,0.0,0.0,0.0,0.0
3631,0.0,0.056,495.9,0.0,0.0,0.0,0.0
3632,0.0,-1.938,285.81,0.0,0.0,0.0,0.0
3633,0.0,-2.456,2629.08,0.0,0.0,0.0,0.0
3634,0.0,-0.439,212.14,0.0,0.0,0.0,0.0
3635,0.0,-2.532,84.47,0.0,0.0,0.0,0.0
3636,0.0,2.886,544.77,0.0,0.0,0.0,0.0
3637,0.0,0.994,647.59,0.0,0.0,0.0,0.0
3638,0.0,-1.02,61.05,0.0,0.0,0.0,0.0
3639,0.0,-2.013,120.62,0.0,0.0,0.0,0.0
3640,0.0,0.224,614.37,0.0,0.0,0.0,0.0
3641,0.0,-0.904,2130.31,0.0,0.0,0.0,0.0
3642,0.0,-2.35,103.22,0.0,0.0,0.0,0.0
3643,0.0,-3.116,316.86,0.0,0.0,0.0,0.0
3644,0.0,0.673,445.43,0.0,0.0,0.0,0.0
3645,0.0,-0.809,70.05,0.0,0.0,0.0,0.0
3646,0.0,-1.558,1556.92,0.0,0.0,0.0,0.0
3647,0.0,0.764,228.94,0.0,0.0,0.0,0.0
3648,0.0,-2.894,1773.86,0.0,0.0,0.0,0.0
3649,0.0,-0.008,2224.63,0.0,0.0,0.0,0.0
3650,0.0,3.02,757.58,0.0,0.0,0.0,0.0
3651,0.0,3.136,217.8,0.0,0.0,0.0,0.0
3652,0.0,-2.955,143.29,0.0,0.0,0.0,0.0
3653,0.0,-1.831,593.64,0.0,0.0,0.0,0.0
3654,0.0,-1.787,2581.36,0.0,0.0,0.0,0.0
3655,0.0,1.766,456.98,0.0,0.0,0.0,0.0
3656,0.0,1.204,792.93,0.0,0.0,0.0,0.0
3657,0.0,1.022,1249.73,0.0,0.0,0.0,0.0
3658,0.0,-0.147,84.62,0.0,0.0,0.0,0.0
3659,0.0,1.103,2598.55,0.0,0.0,0.0,0.0
3660,0.0,-2.387,420.16,0.0,0.0,0.0,0.0
3661,0.0,0.527,297.49,0.0,0.0,0.0,0.0
3662,0.0,-2.429,3070.78,0.0,0.0,0.0,0.0
3663,0.0,2.716,241.9,0.0,0.0,0.0,0.0
3664,0.0,-2.261,204.26,0.0,0.0,0.0,0.0
3665,0.0,-2.312,2234.06,0.0,0.0,0.0,0.0
3666,0.0,-0.36,169.12,0.0,0.0,0.0,0.0
3667,0.0,-1.837,1754.55,0.0,0.0,0.0,0.0
3668,0.0,-2.463,180.66,0.0,0.0,0.0,0.0
3669,0.0,-1.649,825.77,0.0,0.0,0.0,0.0
3670,0.0,2.109,839.62,0.0,0.0,0.0,0.0
3671,0.0,1.616,2562.85,0.0,0.0,0.0,0.0
3672,0.0,2.443,65.08,0.0,0.0,0.0,0.0
3673,0.0,1.1,134.33,0.0,0.0,0.0,0.0
3674,0.0,-0.015,466.32,0.0,0.0,0.0,0.0
3675,0.0,1.403,1123.14,0.0,0.0,0.0,0.0
3676,0.0,1.478,867.57,0.0,0.0,0.0,0.0
3677,0.0,-0.205,61.15,0.0,0.0,0.0,0.0
3678,0.0,-0.67,1273.27,0.0,0.0,0.0,0.0
3679,0.0,-1.048,1771.71,0.0,0.0,0.0,0.0
3680,0.0,0.764,316.93,0.0,0.0,0.0,0.0
3681,0.0,0.17,28.08,0.0,0.0,0.0,0.0
3682,0.0,1.301,422.49,0.0,0.0,0.0,0.0
3683,0.0,2.811,1845.45,0.0,0.0,0.0,0.0
3684,0.0,2.365,1064.15,0.0,0.0,0.0,0.0
3685,0.0,-2.57,1272.41,0.0,0.0,0.0,0.0
3686,0.0,2.477,16.76,0.0,0.0,0.0,0.0
3687,0.0,1.098,198.02,0.0,0.0,0.0,0.0
3688,0.0,1.769,361.68,0.0,0.0,0.0,0.0
3689,0.0,-2.747,129.79,0.0,0.0,0.0,0.0
3690,0.0,-0.241,776.34,0.0,0.0,0.0,0.0
3691,0.0,-0.737,1892.13,0.0,0.0,0.0,0.0
3692,0.0,-1.612,354.83,0.0,0.0,0.0,0.0
3693,0.0,1.384,683.24,0.0,0.0,0.0,0.0
3694,0.0,-2.679,139.71,0.0,0.0,0.0,0.0
3695,0.0,-1.472,1799.36,0.0,0.0,0.0,0.0
3696,0.0,2.157,171.8,0.0,0.0,0.0,0.0
3697,0.0,0.877,282.91,0.0,0.0,0.0,0.0
3698,0.0,2.778,227.47,0.0,0.0,0.0,0.0
3699,0.0,-0.128,1221.83,0.0,0.0,0.0,0.0
3700,0.0,-2.828,34.07,0.0,0.0,0.0,0.0
3701,0.0,1.419,72.18,0.0,0.0,0.0,0.0
3702,0.0,-0.3,402.68,0.0,0.0,0.0,0.0
3703,0.0,-2.484,490.82,0.0,0.0,0.0,0.0
3704,0.0,1.977,366.68,0.0,0.0,0.0,0.0
3705,0.0,-1.001,163.29,0.0,0.0,0.0,0.0
3706,0.0,1.409,1270.05,0.0,0.0,0.0,0.0
3707,0.0,-1.556,246.87,0.0,0.0,0.0,0.0
3708,0.0,1.341,344.98,0.0,0.0,0.0,0.0
3709,0.0,-3.028,241.06,0.0,0.0,0.0,0.0
3710,0.0,-0.64,150.36,0.0,0.0,0.0,0.0
3711,0.0,-2.832,2279.75,0.0,0.0,0.0,0.0
3712,0.0,1.826,1746.07,0.0,0.0,0.0,0.0
3713,0.0,-0.283,2362.62,0.0,0.0,0.0,0.0
3714,0.0,-1.314,67.88,0.0,0.0,0.0,0.0
3715,0.0,-2.347,189.73,0.0,0.0,0.0,0.0
3716,0.0,-0.199,183.01,0.0,0.0,0.0,0.0
3717,0.0,1.491,484.62,0.0,0.0,0.0,0.0
3718,0.0,-2.114,770.77,0.0,0.0,0.0,0.0
3719,0.0,-2.891,167.34,0.0,0.0,0.0,0.0
3720,0.0,-3.019,2143.63,0.0,0.0,0.0,0.0
3721,0.0,3.06,671.92,0.0,0.0,0.0,0.0
3722,0.0,0.049,160.77,0.0,0.0,0.0,0.0
3723,0.0,-2.15,901.95,0.0,0.0,0.0,0.0
3724,0.0,2.881,766.07,0.0,0.0,0.0,0.0
3725,0.0,1.3,393.81,0.0,0.0,0.0,0.0
3726,0.0,0.41,175.36,0.0,0.0,0.0,0.0
3727,0.0,-1.903,2469.48,0.0,0.0,0.0,0.0
3728,0.0,-1.174,920.45,0.0,0.0,0.0,0.0
3729,0.0,-0.543,370.14,0.0,0.0,0.0,0.0
3730,0.0,-1.701,362.65,0.0,0.0,0.0,0.0
3731,0.0,0.633,153.68,0.0,0.0,0.0,0.0
3732,0.0,-2.238,916.68,0.0,0.0,0.0,0.0
3733,0.0,-0.966,221.67,0.0,0.0,0.0,0.0
3734,0.0,0.432,247.28,0.0,0.0,0.0,0.0
3735,0.0,-2.846,2508.83,0.0,0.0,0.0,0.0
3736,0.0,-2.173,64.89,0.0,0.0,0.0,0.0
3737,0.0,3.028,291.43,0.0,0.0,0.0,0.0
3738,0.0,2.524,315.82,0.0,0.0,0.0,0.0
3739,0.0,-1.729,187.89,0.0,0.0,0.0,0.0
3740,0.0,0.54,291.94,0.0,0.0,0.0,0.0
3741,0.0,3.137,140.23,0.0,0.0,0.0,0.0
3742,0.0,-2.319,392.54,0.0,0.0,0.0,0.0
3743,0.0,-1.744,963.12,0.0,0.0,0.0,0.0
3744,0.0,2.251,247.33,0.0,0.0,0.0,0.0
3745,0.0,1.111,279.18,0.0,0.0,0.0,0.0
3746,0.0,3.085,275.61,0.0,0.0,0.0,0.0
3747,0.0,-2.543,38.3,0.0,0.0,0.0,0.0
3748,0.0,3.038,241.52,0.0,0.0,0.0,0.0
3749,0.0,2.478,170.67,0.0,0.0,0.0,0.0
3750,0.0,-0.718,2066.72,0.0,0.0,0.0,0.0
3751,0.0,3.135,1493.42,0.0,0.0,0.0,0.0
3752,0.0,2.732,806.76,0.0,0.0,0.0,0.0
3753,0.0,2.405,207.79,0.0,0.0,0.0,0.0
3754,0.0,3.09,35.7,0.0,0.0,0.0,0.0
3755,0.0,-0.767,508.16,0.0,0.0,0.0,0.0
3756,0.0,-1.051,677.9,0.0,0.0,0.0,0.0
3757,0.0,2.235,227.03,0.0,0.0,0.0,0.0
3758,0.0,-1.168,1106.56,0.0,0.0,0.0,0.0
3759,0.0,1.317,335.16,0.0,0.0,0.0,0.0
3760,0.0,2.647,206.71,0.0,0.0,0.0,0.0
3761,0.0,0.88,257.01,0.0,0.0,0.0,0.0
3762,0.0,1.935,1046.16,0.0,0.0,0.0,0.0
3763,0.0,1.722,2414.82,0.0,0.0,0.0,0.0
3764,0.0,-2.75,36.72,0.0,0.0,0.0,0.0
3765,0.0,-0.325,642.4,0.0,0.0,0.0,0.0
3766,0.0,2.316,768.88,0.0,0.0,0.0,0.0
3767,0.0,-2.598,1440.59,0.0,0.0,0.0,0.0
3768,0.0,-0.568,1417.15,0.0,0.0,0.0,0.0
3769,0.0,1.35,1520.68,0.0,0.0,0.0,0.0
3770,0.0,-0.919,468.66,0.0,0.0,0.0,0.0
3771,0.0,1.393,1739.64,0.0,0.0,0.0,0.0
3772,0.0,3.089,369.91,0.0,0.0,0.0,0.0
3773,0.0,-2.339,714.34,0.0,0.0,0.0,0.0
3774,0.0,-0.644,195.32,0.0,0.0,0.0,0.0
3775,0.0,-0.836,458.71,0.0,0.0,0.0,0.0
3776,0.0,0.894,55.14,0.0,0.0,0.0,0.0
3777,0.0,-1.932,294.95,0.0,0.0,0.0,0.0
3778,0.0,-0.527,491.77,0.0,0.0,0.0,0.0
3779,0.0,3.031,174.29,0.0,0.0,0.0,0.0
3780,0.0,-2.467,150.35,0.0,0.0,0.0,0.0
3781,0.0,-0.219,288.67,0.0,0.0,0.0,0.0
3782,0.0,-0.87,21.67,0.0,0.0,0.0,0.0
3783,0.0,1.474,64.24,0.0,0.0,0.0,0.0
3784,0.0,-2.646,589.47,0.0,0.0,0.0,0.0
3785,0.0,-0.704,1475.99,0.0,0.0,0.0,0.0
3786,0.0,0.629,1519.09,0.0,0.0,0.0,0.0
3787,0.0,-1.604,123.31,0.0,0.0,0.0,0.0
3788,0.0,0.844,119.82,0.0,0.0,0.0,0.0
3789,0.0,-0.336,399.49,0.0,0.0,0.0,0.0
3790,0.0,-0.656,193.05,0.0,0.0,0.0,0.0
3791,0.0,-2.373,346.12,0.0,0.0,0.0,0.0
3792,0.0,-0.564,361.17,0.0,0.0,0.0,0.0
3793,0.0,0.492,1040.84,0.0,0.0,0.0,0.0
3794,0.0,1.059,162.09,0.0,0.0,0.0,0.0
3795,0.0,-0.192,1412.66,0.0,0.0,0.0,0.0
3796,0.0,-1.494,1383.37,0.0,0.0,0.0,0.0
3797,0.0,2.282,231.39,0.0,0.0,0.0,0.0
3798,0.0,2.814,16.64,0.0,0.0,0.0,0.0
3799,0.0,1.086,2155.9,0.0,0.0,0.0,0.0
3800,0.0,-2.144,1048.82,0.0,0.0,0.0,0.0
3801,0.0,-2.477,105.1,0.0,0.0,0.0,0.0
3802,0.0,-2.899,572.16,0.0,0.0,0.0,0.0
3803,0.0,1.241,127.72,0.0,0.0,0.0,0.0
3804,0.0,-1.451,108.49,0.0,0.0,0.0,0.0
3805,0.0,0.912,145.17,0.0,0.0,0.0,0.0
3806,0.0,2.009,239.1,0.0,0.0,0.0,0.0
3807,0.0,-0.47,929.63,0.0,0.0,0.0,0.0
3808,0.0,2.752,471.85,0.0,0.0,0.0,0.0
3809,0.0,-2.267,1103.12,0.0,0.0,0.0,0.0
3810,0.0,0.047,1090.95,0.0,0.0,0.0,0.0
3811,0.0,-0.478,291.11,0.0,0.0,0.0,0.0
3812,0.0,0.805,131.83,0.0,0.0,0.0,0.0
3813,0.0,1.013,117.75,0.0,0.0,0.0,0.0
3814,0.0,-1.105,206.33,0.0,0.0,0.0,0.0
3815,0.0,2.564,130.93,0.0,0.0,0.0,0.0
3816,0.0,3.029,911.33,0.0,0.0,0.0,0.0
3817,0.0,0.076,313.69,0.0,0.0,0.0,0.0
3818,0.0,-1.771,1363.25,0.0,0.0,0.0,0.0
3819,0.0,0.076,642.44,0.0,0.0,0.0,0.0
3820,0.0,-2.312,450.2,0.0,0.0,0.0,0.0
3821,0.0,-1.958,201.43,0.0,0.0,0.0,0.0
3822,0.0,-0.881,1342.2,0.0,0.0,0.0,0.0
3823,0.0,-0.454,452.59,0.0,0.0,0.0,0.0
3824,0.0,-1.663,295.69,0.0,0.0,0.0,0.0
3825,0.0,-0.322,193.41,0.0,0.0,0.0,0.0
3826,0.0,-2.907,2299.8,0.0,0.0,0.0,0.0
3827,0.0,-1.926,1537.25,0.0,0.0,0.0,0.0
3828,0.0,-0.376,340.94,0.0,0.0,0.0,0.0
3829,0.0,-1.982,529.38,0.0,0.0,0.0,0.0
3830,0.0,-0.158,514.84,0.0,0.0,0.0,0.0
3831,0.0,-0.685,101.04,0.0,0.0,0.0,0.0
3832,0.0,-0.678,202.41,0.0,0.0,0.0,0.0
3833,0.0,-2.689,397.78,0.0,0.0,0.0,0.0
3834,0.0,-0.006,211.38,0.0,0.0,0.0,0.0
3835,0.0,0.421,561.01,0.0,0.0,0.0,0.0
3836,0.0,0.722,763.33,0.0,0.0,0.0,0.0
3837,0.0,1.693,563.9,0.0,0.0,0.0,0.0
3838,0.0,1.216,89.43,0.0,0.0,0.0,0.0
3839,0.0,-2.451,338.61,0.0,0.0,0.0,0.0
3840,0.0,2.31,871.61,0.0,0.0,0.0,0.0
3841,0.0,2.472,102.57,0.0,0.0,0.0,0.0
3842,0.0,-0.48,197.99,0.0,0.0,0.0,0.0
3843,0.0,1.537,185.34,0.0,0.0,0.0,0.0
3844,0.0,-1.154,229.88,0.0,0.0,0.0,0.0
3845,0.0,-1.484,147.52,0.0,0.0,0.0,0.0
3846,0.0,1.809,342.99,0.0,0.0,0.0,0.0
3847,0.0,-1.694,469.33,0.0,0.0,0.0,0.0
3848,0.0,-1.786,630.93,0.0,0.0,0.0,0.0
3849,0.0,-1.162,151.4,0.0,0.0,0.0,0.0
3850,0.0,-2.065,31.56,0.0,0.0,0.0,0.0
3851,0.0,-2.945,1177.08,0.0,0.0,0.0,0.0
3852,0.0,-1.867,121.68,0.0,0.0,0.0,0.0
3853,0.0,2.544,457.4,0.0,0.0,0.0,0.0
3854,0.0,2.728,259.01,0.0,0.0,0.0,0.0
3855,0.0,-1.73,613.97,0.0,0.0,0.0,0.0
3856,0.0,1.336,279.15,0.0,0.0,0.0,0.0
3857,0.0,-2.664,311.66,0.0,0.0,0.0,0.0
3858,0.0,-1.79,1452.45,0.0,0.0,0.0,0.0
3859,0.0,1.776,792.51,0.0,0.0,0.0,0.0
3860,0.0,-2.377,247.6,0.0,0.0,0.0,0.0
3861,0.0,-0.69,557.37,0.0,0.0,0.0,0.0
3862,0.0,-1.589,905.54,0.0,0.0,0.0,0.0
3863,0.0,-0.49,2382.61,0.0,0.0,0.0,0.0
3864,0.0,1.421,1053.0,0.0,0.0,0.0,0.0
3865,0.0,-0.132,85.11,0.0,0.0,0.0,0.0
3866,0.0,-0.814,138.68,0.0,0.0,0.0,0.0
3867,0.0,-0.774,96.12,0.0,0.0,0.0,0.0
3868,0.0,-1.419,590.04,0.0,0.0,0.0,0.0
3869,0.0,2.606,936.37,0.0,0.0,0.0,0.0
3870,0.0,0.795,207.1,0.0,0.0,0.0,0.0
3871,0.0,-1.536,41.9,0.0,0.0,0.0,0.0
3872,0.0,-0.208,155.1,0.0,0.0,0.0,0.0
3873,0.0,2.822,609.3,0.0,0.0,0.0,0.0
3874,0.0,-0.547,163.99,0.0,0.0,0.0,0.0
3875,0.0,-0.954,490.29,0.0,0.0,0.0,0.0
3876,0.0,-2.191,817.45,0.0,0.0,0.0,0.0
3877,0.0,-1.722,103.69,0.0,0.0,0.0,0.0
3878,0.0,-1.413,3148.01,0.0,0.0,0.0,0.0
3879,0.0,2.93,1123.15,0.0,0.0,0.0,0.0
3880,0.0,-1.171,74.57,0.0,0.0,0.0,0.0
3881,0.0,-2.036,179.96,0.0,0.0,0.0,0.0
3882,0.0,-2.113,339.31,0.0,0.0,0.0,0.0
3883,0.0,-1.992,791.43,0.0,0.0,0.0,0.0
3884,0.0,-1.068,811.16,0.0,0.0,0.0,0.0
3885,0.0,-0.366,62.31,0.0,0.0,0.0,0.0
3886,0.0,-2.593,832.56,0.0,0.0,0.0,0.0
3887,0.0,-1.833,443.37,0.0,0.0,0.0,0.0
3888,0.0,-2.568,604.12,0.0,0.0,0.0,0.0
3889,0.0,1.084,1828.83,0.0,0.0,0.0,0.0
3890,0.0,-1.208,185.23,0.0,0.0,0.0,0.0
3891,0.0,0.707,336.43,0.0,0.0,0.0,0.0
3892,0.0,-0.65,308.97,0.0,0.0,0.0,0.0
3893,0.0,-1.036,590.67,0.0,0.0,0.0,0.0
3894,0.0,0.973,68.33,0.0,0.0,0.0,0.0
3895,0.0,0.823,709.95,0.0,0.0,0.0,0.0
3896,0.0,-2.138,212.98,0.0,0.0,0.0,0.0
3897,0.0,-0.107,636.73,0.0,0.0,0.0,0.0
3898,0.0,2.974,613.42,0.0,0.0,0.0,0.0
3899,0.0,-3.036,181.5,0.0,0.0,0.0,0.0
3900,0.0,1.319,316.9,0.0,0.0,0.0,0.0
3901,0.0,2.645,1670.62,0.0,0.0,0.0,0.0
3902,0.0,1.061,666.79,0.0,0.0,0.0,0.0
3903,0.0,-1.891,146.35,0.0,0.0,0.0,0.0
3904,0.0,-2.477,196.46,0.0,0.0,0.0,0.0
3905,0.0,1.387,421.45,0.0,0.0,0.0,0.0
3906,0.0,2.956,48.89,0.0,0.0,0.0,0.0
3907,0.0,0.878,580.26,0.0,0.0,0.0,0.0
3908,0.0,1.085,59.48,0.0,0.0,0.0,0.0
3909,0.0,-2.665,913.36,0.0,0.0,0.0,0.0
3910,0.0,0.009,122.87,0.0,0.0,0.0,0.0
3911,0.0,-3.026,254.67,0.0,0.0,0.0,0.0
3912,0.0,-0.285,277.98,0.0,0.0,0.0,0.0
3913,0.0,-2.382,2555.12,0.0,0.0,0.0,0.0
3914,0.0,-1.272,144.46,0.0,0.0,0.0,0.0
3915,0.0,-3.086,381.6,0.0,0.0,0.0,0.0
3916,0.0,2.346,220.7,0.0,0.0,0.0,0.0
3917,0.0,-1.163,894.89,0.0,0.0,0.0,0.0
3918,0.0,-0.325,104.02,0.0,0.0,0.0,0.0
3919,0.0,-2.379,819.26,0.0,0.0,0.0,0.0
3920,0.0,1.151,561.09,0.0,0.0,0.0,0.0
3921,0.0,0.672,206.61,0.0,0.0,0.0,0.0
3922,0.0,-1.92,1458.82,0.0,0.0,0.0,0.0
3923,0.0,1.836,740.43,0.0,0.0,0.0,0.0
3924,0.0,1.064,76.78,0.0,0.0,0.0,0.0
3925,0.0,0.537,1113.08,0.0,0.0,0.0,0.0
3926,0.0,1.958,149.01,0.0,0.0,0.0,0.0
3927,0.0,1.422,71.29,0.0,0.0,0.0,0.0
3928,0.0,1.27,181.53,0.0,0.0,0.0,0.0
3929,0.0,-0.595,53.5,0.0,0.0,0.0,0.0
3930,0.0,1.475,2789.35,0.0,0.0,0.0,0.0
3931,0.0,-2.712,179.04,0.0,0.0,0.0,0.0
3932,0.0,-1.316,710.7,0.0,0.0,0.0,0.0
3933,0.0,-0.442,837.75,0.0,0.0,0.0,0.0
3934,0.0,-0.56,198.68,0.0,0.0,0.0,0.0
3935,0.0,-2.263,148.41,0.0,0.0,0.0,0.0
3936,0.0,-2.168,899.97,0.0,0.0,0.0,0.0
3937,0.0,-1.152,246.47,0.0,0.0,0.0,0.0
3938,0.0,2.059,21.51,0.0,0.0,0.0,0.0
3939,0.0,2.622,892.87,0.0,0.0,0.0,0.0
3940,0.0,1.911,87.21,0.0,0.0,0.0,0.0
3941,0.0,-1.06,247.69,0.0,0.0,0.0,0.0
3942,0.0,-0.72,284.42,0.0,0.0,0.0,0.0
3943,0.0,-1.275,581.13,0.0,0.0,0.0,0.0
3944,0.0,3.085,425.65,0.0,0.0,0.0,0.0
3945,0.0,-2.009,356.16,0.0,0.0,0.0,0.0
3946,0.0,-3.086,632.41,0.0,0.0,0.0,0.0
3947,0.0,-0.768,281.03,0.0,0.0,0.0,0.0
3948,0.0,-2.288,746.6,0.0,0.0,0.0,0.0
3949,0.0,-0.597,491.22,0.0,0.0,0.0,0.0
3950,0.0,-0.477,234.26,0.0,0.0,0.0,0.0
3951,0.0,-2.029,341.99,0.0,0.0,0.0,0.0
3952,0.0,2.326,87.02,0.0,0.0,0.0,0.0
3953,0.0,-1.674,1512.6,0.0,0.0,0.0,0.0
3954,0.0,1.52,189.08,0.0,0.0,0.0,0.0
3955,0.0,0.233,44.5,0.0,0.0,0.0,0.0
3956,0.0,1.915,47.98,0.0,0.0,0.0,0.0
3957,0.0,0.055,381.56,0.0,0.0,0.0,0.0
3958,0.0,-1.563,848.41,0.0,0.0,0.0,0.0
3959,0.0,1.37,696.04,0.0,0.0,0.0,0.0
3960,0.0,2.062,252.95,0.0,0.0,0.0,0.0
3961,0.0,0.536,174.21,0.0,0.0,0.0,0.0
3962,0.0,-1.501,855.67,0.0,0.0,0.0,0.0
3963,0.0,1.644,156.48,0.0,0.0,0.0,0.0
3964,0.0,-2.776,661.64,0.0,0.0,0.0,0.0
3965,0.0,1.749,699.71,0.0,0.0,0.0,0.0
3966,0.0,2.615,323.57,0.0,0.0,0.0,0.0
3967,0.0,-0.044,173.2,0.0,0.0,0.0,0.0
3968,0.0,2.269,415.71,0.0,0.0,0.0,0.0
3969,0.0,2.881,130.49,0.0,0.0,0.0,0.0
3970,0.0,-0.81,1227.42,0.0,0.0,0.0,0.0
3971,0.0,0.36,485.27,0.0,0.0,0.0,0.0
3972,0.0,2.449,355.72,0.0,0.0,0.0,0.0
3973,0.0,-0.009,177.68,0.0,0.0,0.0,0.0
3974,0.0,0.651,285.0,0.0,0.0,0.0,0.0
3975,0.0,3.12,1439.73,0.0,0.0,0.0,0.0
3976,0.0,0.343,227.43,0.0,0.0,0.0,0.0
3977,0.0,-0.887,124.03,0.0,0.0,0.0,0.0
3978,0.0,-2.995,1676.47,0.0,0.0,0.0,0.0
3979,0.0,-1.787,133.63,0.0,0.0,0.0,0.0
3980,0.0,0.494,681.05,0.0,0.0,0.0,0.0
3981,0.0,-0.52,461.3,0.0,0.0,0.0,0.0
3982,0.0,-1.593,2792.38,0.0,0.0,0.0,0.0
3983,0.0,1.533,248.22,0.0,0.0,0.0,0.0
3984,0.0,1.082,125.94,0.0,0.0,0.0,0.0
3985,0.0,0.236,147.71,0.0,0.0,0.0,0.0
3986,0.0,-0.721,122.94,0.0,0.0,0.0,0.0
3987,0.0,2.26,1002.91,0.0,0.0,0.0,0.0
3988,0.0,-0.834,626.74,0.0,0.0,0.0,0.0
3989,0.0,-0.946,1529.11,0.0,0.0,0.0,0.0
3990,0.0,-2.174,161.51,0.0,0.0,0.0,0.0
3991,0.0,0.243,220.01,0.0,0.0,0.0,0.0
3992,0.0,2.816,1470.68,0.0,0.0,0.0,0.0
3993,0.0,0.823,260.5,0.0,0.0,0.0,0.0
3994,0.0,2.564,636.19,0.0,0.0,0.0,0.0
3995,0.0,1.661,194.83,0.0,0.0,0.0,0.0
3996,0.0,2.913,848.06,0.0,0.0,0.0,0.0
3997,0.0,-1.205,1646.11,0.0,0.0,0.0,0.0
3998,0.0,-1.396,471.3,0.0,0.0,0.0,0.0
3999,0.0,-1.065,150.02,0.0,0.0,0.0,0.0
4000,0.0,-2.389,1419.44,0.0,0.0,0.0,0.0
4001,0.0,-0.257,422.41,0.0,0.0,0.0,0.0
4002,0.0,-0.196,139.11,0.0,0.0,0.0,0.0
4003,0.0,-2.759,90.32,0.0,0.0,0.0,0.0
4004,0.0,1.151,375.59,0.0,0.0,0.0,0.0
4005,0.0,-1.75,230.17,0.0,0.0,0.0,0.0
4006,0.0,0.127,883.34,0.0,0.0,0.0,0.0
4007,0.0,-1.959,963.77,0.0,0.0,0.0,0.0
4008,0.0,1.395,219.59,0.0,0.0,0.0,0.0
4009,0.0,-1.343,575.49,0.0,0.0,0.0,0.0
4010,0.0,-0.188,379.56,0.0,0.0,0.0,0.0
4011,0.0,-2.705,222.98,0.0,0.0,0.0,0.0
4012,0.0,-0.947,838.59,0.0,0.0,0.0,0.0
4013,0.0,-0.064,1255.15,0.0,0.0,0.0,0.0
4014,0.0,-0.771,377.35,0.0,0.0,0.0,0.0
4015,0.0,1.747,211.59,0.0,0.0,0.0,0.0
4016,0.0,-2.519,109.39,0.0,0.0,0.0,0.0
4017,0.0,-2.471,2372.07,0.0,0.0,0.0,0.0
4018,0.0,-1.116,378.46,0.0,0.0,0.0,0.0
4019,0.0,1.855,76.3,0.0,0.0,0.0,0.0
4020,0.0,-0.172,1562.21,0.0,0.0,0.0,0.0
4021,0.0,-1.212,15.34,0.0,0.0,0.0,0.0
4022,0.0,1.988,450.46,0.0,0.0,0.0,0.0
4023,0.0,-1.584,506.99,0.0,0.0,0.0,0.0
4024,0.0,1.594,377.46,0.0,0.0,0.0,0.0
4025,0.0,-3.122,1445.57,0.0,0.0,0.0,0.0
4026,0.0,0.081,1085.82,0.0,0.0,0.0,0.0
4027,0.0,-2.707,230.03,0.0,0.0,0.0,0.0
4028,0.0,-2.023,2008.94,0.0,0.0,0.0,0.0
4029,0.0,0.946,829.83,0.0,0.0,0.0,0.0
4030,0.0,2.391,2160.03,0.0,0.0,0.0,0.0
4031,0.0,0.024,1430.03,0.0,0.0,0.0,0.0
4032,0.0,0.501,443.49,0.0,0.0,0.0,0.0
4033,0.0,0.937,86.38,0.0,0.0,0.0,0.0
4034,0.0,3.069,193.33,0.0,0.0,0.0,0.0
4035,0.0,-1.012,244.5,0.0,0.0,0.0,0.0
4036,0.0,0.676,660.83,0.0,0.0,0.0,0.0
4037,0.0,2.203,361.63,0.0,0.0,0.0,0.0
4038,0.0,0.637,277.97,0.0,0.0,0.0,0.0
4039,0.0,1.588,81.08,0.0,0.0,0.0,0.0
4040,0.0,-2.299,466.01,0.0,0.0,0.0,0.0
4041,0.0,2.477,385.82,0.0,0.0,0.0,0.0
4042,0.0,2.682,145.11,0.0,0.0,0.0,0.0
4043,0.0,-1.632,309.65,0.0,0.0,0.0,0.0
4044,0.0,-0.584,377.81,0.0,0.0,0.0,0.0
4045,0.0,-2.268,766.0,0.0,0.0,0.0,0.0
4046,0.0,-2.187,76.94,0.0,0.0,0.0,0.0
4047,0.0,0.738,205.61,0.0,0.0,0.0,0.0
4048,0.0,0.579,853.19,0.0,0.0,0.0,0.0
4049,0.0,0.012,82.89,0.0,0.0,0.0,0.0
4050,0.0,-2.993,1018.3,0.0,0.0,0.0,0.0
4051,0.0,1.594,568.84,0.0,0.0,0.0,0.0
4052,0.0,-1.885,13.2,0.0,0.0,0.0,0.0
4053,0.0,-0.325,82.33,0.0,0.0,0.0,0.0
4054,0.0,1.068,67.44,0.0,0.0,0.0,0.0
4055,0.0,0.333,3239.49,0.0,0.0,0.0,0.0
4056,0.0,-1.853,565.37,0.0,0.0,0.0,0.0
4057,0.0,-1.909,296.22,0.0,0.0,0.0,0.0
4058,0.0,1.003,79.8,0.0,0.0,0.0,0.0
4059,0.0,-2.382,509.37,0.0,0.0,0.0,0.0
4060,0.0,2.451,25.6,0.0,0.0,0.0,0.0
4061,0.0,-1.985,141.21,0.0,0.0,0.0,0.0
4062,0.0,0.739,226.41,0.0,0.0,0.0,0.0
4063,0.0,-0.28,1231.92,0.0,0.0,0.0,0.0
4064,0.0,1.722,181.64,0.0,0.0,0.0,0.0
4065,0.0,0.353,1914.02,0.0,0.0,0.0,0.0
4066,0.0,3.033,92.88,0.0,0.0,0.0,0.0
4067,0.0,0.014,195.55,0.0,0.0,0.0,0.0
4068,0.0,-0.108,58.69,0.0,0.0,0.0,0.0
4069,0.0,-0.225,382.3,0.0,0.0,0.0,0.0
4070,0.0,0.196,1001.77,0.0,0.0,0.0,0.0
4071,0.0,-1.586,277.54,0.0,0.0,0.0,0.0
4072,0.0,2.736,186.8,0.0,0.0,0.0,0.0
4073,0.0,0.595,142.05,0.0,0.0,0.0,0.0
4074,0.0,-2.162,2017.89,0.0,0.0,0.0,0.0
4075,0.0,2.98,103.85,0.0,0.0,0.0,0.0
4076,0.0,1.233,908.65,0.0,0.0,0.0,0.0
4077,0.0,1.126,185.53,0.0,0.0,0.0,0.0
4078,0.0,1.1,198.76,0.0,0.0,0.0,0.0
4079,0.0,2.881,84.62,0.0,0.0,0.0,0.0
4080,0.0,3.098,196.94,0.0,0.0,0.0,0.0
4081,0.0,1.613,427.59,0.0,0.0,0.0,0.0
4082,0.0,1.119,34.23,0.0,0.0,0.0,0.0
4083,0.0,2.313,891.02,0.0,0.0,0.0,0.0
4084,0.0,2.393,325.86,0.0,0.0,0.0,0.0
4085,0.0,0.564,111.93,0.0,0.0,0.0,0.0
4086,0.0,2.809,1901.41,0.0,0.0,0.0,0.0
4087,0.0,3.063,202.55,0.0,0.0,0.0,0.0
4088,0.0,-1.979,912.59,0.0,0.0,0.0,0.0
4089,0.0,0.995,153.66,0.0,0.0,0.0,0.0
4090,0.0,-2.671,329.35,0.0,0.0,0.0,0.0
4091,0.0,-0.445,77.45,0.0,0.0,0.0,0.0
4092,0.0,-0.145,970.7,0.0,0.0,0.0,0.0
4093,0.0,0.545,1536.14,0.0,0.0,0.0,0.0
4094,0.0,-0.782,1970.11,0.0,0.0,0.0,0.0
4095,0.0,2.753,1165.17,0.0,0.0,0.0,0.0
4096,0.0,0.925,137.07,0.0,0.0,0.0,0.0
4097,0.0,2.912,71.76,0.0,0.0,0.0,0.0
4098,0.0,1.751,277.27,0.0,0.0,0.0,0.0
4099,0.0,-1.17,176.24,0.0,0.0,0.0,0.0
4100,0.0,0.979,373.51,0.0,0.0,0.0,0.0
4101,0.0,0.384,230.76,0.0,0.0,0.0,0.0
4102,0.0,-2.675,338.63,0.0,0.0,0.0,0.0
4103,0.0,0.816,106.64,0.0,0.0,0.0,0.0
4104,0.0,1.072,245.6,0.0,0.0,0.0,0.0
4105,0.0,-1.206,124.28,0.0,0.0,0.0,0.0
4106,0.0,-2.101,195.77,0.0,0.0,0.0,0.0
4107,0.0,-0.092,488.63,0.0,0.0,0.0,0.0
4108,0.0,-3.139,549.62,0.0,0.0,0.0,0.0
4109,0.0,-1.534,305.41,0.0,0.0,0.0,0.0
4110,0.0,-1.321,928.22,0.0,0.0,0.0,0.0
4111,0.0,1.902,220.43,0.0,0.0,0.0,0.0
4112,0.0,-1.415,1681.46,0.0,0.0,0.0,0.0
4113,0.0,1.916,539.29,0.0,0.0,0.0,0.0
4114,0.0,1.07,191.12,0.0,0.0,0.0,0.0
4115,0.0,0.257,1113.84,0.0,0.0,0.0,0.0
4116,0.0,1.753,286.39,0.0,0.0,0.0,0.0
4117,0.0,0.532,517.81,0.0,0.0,0.0,0.0
4118,0.0,0.807,387.43,0.0,0.0,0.0,0.0
4119,0.0,2.294,1268.02,0.0,0.0,0.0,0.0
4120,0.0,-0.089,626.96,0.0,0.0,0.0,0.0
4121,0.0,1.145,571.46,0.0,0.0,0.0,0.0
4122,0.0,2.861,476.1,0.0,0.0,0.0,0.0
4123,0.0,-1.794,153.41,0.0,0.0,0.0,0.0
4124,0.0,-2.319,335.83,0.0,0.0,0.0,0.0
4125,0.0,1.241,14.67,0.0,0.0,0.0,0.0
4126,0.0,-0.025,900.73,0.0,0.0,0.0,0.0
4127,0.0,-2.496,387.53,0.0,0.0,0.0,0.0
4128,0.0,0.213,2614.29,0.0,0.0,0.0,0.0
4129,0.0,2.155,586.37,0.0,0.0,0.0,0.0
4130,0.0,-1.443,142.31,0.0,0.0,0.0,0.0
4131,0.0,2.728,112.48,0.0,0.0,0.0,0.0
4132,0.0,0.634,132.58,0.0,0.0,0.0,0.0
4133,0.0,0.126,1789.75,0.0,0.0,0.0,0.0
4134,0.0,-1.139,7.99,0.0,0.0,0.0,0.0
4135,0.0,2.83,817.09,0.0,0.0,0.0,0.0
4136,0.0,2.895,762.18,0.0,0.0,0.0,0.0
4137,0.0,-1.702,35.25,0.0,0.0,0.0,0.0
4138,0.0,1.005,771.84,0.0,0.0,0.0,0.0
4139,0.0,1.404,97.14,0.0,0.0,0.0,0.0
4140,0.0,-0.419,711.19,0.0,0.0,0.0,0.0
4141,0.0,-2.122,1453.03,0.0,0.0,0.0,0.0
4142,0.0,-0.59,59.17,0.0,0.0,0.0,0.0
4143,0.0,-2.339,942.36,0.0,0.0,0.0,0.0
4144,0.0,0.133,979.74,0.0,0.0,0.0,0.0
4145,0.0,1.8,240.71,0.0,0.0,0.0,0.0
4146,0.0,2.618,472.74,0.0,0.0,0.0,0.0
4147,0.0,1.127,116.98,0.0,0.0,0.0,0.0
4148,0.0,-1.44,80.39,0.0,0.0,0.0,0.0
4149,0.0,-2.95,400.6,0.0,0.0,0.0,0.0
4150,0.0,0.202,668.55,0.0,0.0,0.0,0.0
4151,0.0,0.606,30.16,0.0,0.0,0.0,0.0
4152,0.0,-1.189,929.25,0.0,0.0,0.0,0.0
4153,0.0,0.827,2504.48,0.0,0.0,0.0,0.0
4154,0.0,-1.575,1936.57,0.0,0.0,0.0,0.0
4155,0.0,1.215,1230.18,0.0,0.0,0.0,0.0
4156,0.0,2.258,946.07,0.0,0.0,0.0,0.0
4157,0.0,-2.342,435.96,0.0,0.0,0.0,0.0
4158,0.0,-2.612,732.77,0.0,0.0,0.0,0.0
4159,0.0,-0.423,102.52,0.0,0.0,0.0,0.0
4160,0.0,-1.058,508.98,0.0,0.0,0.0,0.0
4161,0.0,-3.135,419.86,0.0,0.0,0.0,0.0
4162,0.0,0.0,1642.81,0.0,0.0,0.0,0.0
4163,0.0,-2.628,143.78,0.0,0.0,0.0,0.0
4164,0.0,-1.553,74.62,0.0,0.0,0.0,0.0
4165,0.0,-1.147,42.43,0.0,0.0,0.0,0.0
4166,0.0,0.294,1276.0,0.0,0.0,0.0,0.0
4167,0.0,-1.894,50.71,0.0,0.0,0.0,0.0
4168,0.0,-1.25,451.43,0.0,0.0,0.0,0.0
4169,0.0,2.655,3025.28,0.0,0.0,0.0,0.0
4170,0.0,2.198,1418.15,0.0,0.0,0.0,0.0
4171,0.0,3.04,171.2,0.0,0.0,0.0,0.0
4172,0.0,-2.578,295.21,0.0,0.0,0.0,0.0
4173,0.0,-1.032,677.94,0.0,0.0,0.0,0.0
4174,0.0,-1.482,182.09,0.0,0.0,0.0,0.0
4175,0.0,-1.17,351.17,0.0,0.0,0.0,0.0
4176,0.0,2.591,684.53,0.0,0.0,0.0,0.0
4177,0.0,-1.492,685.59,0.0,0.0,0.0,0.0
4178,0.0,-3.052,3165.38,0.0,0.0,0.0,0.0
4179,0.0,0.324,342.98,0.0,0.0,0.0,0.0
4180,0.0,-0.001,134.0,0.0,0.0,0.0,0.0
4181,0.0,1.568,1572.46,0.0,0.0,0.0,0.0
4182,0.0,2.836,1791.16,0.0,0.0,0.0,0.0
4183,0.0,0.155,206.95,0.0,0.0,0.0,0.0
4184,0.0,-0.726,453.88,0.0,0.0,0.0,0.0
4185,0.0,-0.772,231.35,0.0,0.0,0.0,0.0
4186,0.0,0.665,2385.81,0.0,0.0,0.0,0.0
4187,0.0,1.799,61.24,0.0,0.0,0.0,0.0
4188,0.0,1.385,1725.1,0.0,0.0,0.0,0.0
4189,0.0,-0.206,1706.14,0.0,0.0,0.0,0.0
4190,0.0,1.939,540.18,0.0,0.0,0.0,0.0
4191,0.0,1.874,26.75,0.0,0.0,0.0,0.0
4192,0.0,2.07,1677.55,0.0,0.0,0.0,0.0
4193,0.0,-2.338,159.35,0.0,0.0,0.0,0.0
4194,0.0,0.737,356.59,0.0,0.0,0.0,0.0
4195,0.0,1.493,647.64,0.0,0.0,0.0,0.0
4196,0.0,-2.176,382.21,0.0,0.0,0.0,0.0
4197,0.0,-2.684,116.61,0.0,0.0,0.0,0.0
4198,0.0,-1.007,243.11,0.0,0.0,0.0,0.0
4199,0.0,-1.809,2697.98,0.0,0.0,0.0,0.0
4200,0.0,-2.652,1317.8,0.0,0.0,0.0,0.0
4201,0.0,-2.355,795.08,0.0,0.0,0.0,0.0
4202,0.0,0.443,473.7,0.0,0.0,0.0,0.0
4203,0.0,-0.49,348.8,0.0,0.0,0.0,0.0
4204,0.0,-1.804,1502.06,0.0,0.0,0.0,0.0
4205,0.0,0.383,213.93,0.0,0.0,0.0,0.0
4206,0.0,-0.347,1356.93,0.0,0.0,0.0,0.0
4207,0.0,1.656,101.08,0.0,0.0,0.0,0.0
4208,0.0,1.563,520.24,0.0,0.0,0.0,0.0
4209,0.0,1.375,239.56,0.0,0.0,0.0,0.0
4210,0.0,-1.796,176.52,0.0,0.0,0.0,0.0
4211,0.0,-2.547,847.98,0.0,0.0,0.0,0.0
4212,0.0,2.854,530.48,0.0,0.0,0.0,0.0
4213,0.0,2.472,447.6,0.0,0.0,0.0,0.0
4214,0.0,3.107,290.58,0.0,0.0,0.0,0.0
4215,0.0,-0.885,59.8,0.0,0.0,0.0,0.0
4216,0.0,0.12,106.7,0.0,0.0,0.0,0.0
4217,0.0,0.765,498.12,0.0,0.0,0.0,0.0
4218,0.0,-1.103,626.93,0.0,0.0,0.0,0.0
4219,0.0,-0.636,630.02,0.0,0.0,0.0,0.0
4220,0.0,1.151,681.69,0.0,0.0,0.0,0.0
4221,0.0,3.018,293.11,0.0,0.0,0.0,0.0
4222,0.0,1.12,52.76,0.0,0.0,0.0,0.0
4223,0.0,2.731,372.57,0.0,0.0,0.0,0.0
4224,0.0,0.333,185.75,0.0,0.0,0.0,0.0
4225,0.0,-0.701,103.02,0.0,0.0,0.0,0.0
4226,0.0,2.69,2092.2,0.0,0.0,0.0,0.0
4227,0.0,-2.226,269.01,0.0,0.0,0.0,0.0
4228,0.0,-1.265,198.16,0.0,0.0,0.0,0.0
4229,0.0,0.14,83.32,0.0,0.0,0.0,0.0
4230,0.0,1.505,2411.86,0.0,0.0,0.0,0.0
4231,0.0,0.831,59.73,0.0,0.0,0.0,0.0
4232,0.0,-2.636,592.35,0.0,0.0,0.0,0.0
4233,0.0,-1.525,149.52,0.0,0.0,0.0,0.0
4234,0.0,-0.603,252.1,0.0,0.0,0.0,0.0
4235,0.0,-1.83,194.08,0.0,0.0,0.0,0.0
4236,0.0,-1.951,758.35,0.0,0.0,0.0,0.0
4237,0.0,-1.964,93.5,0.0,0.0,0.0,0.0
4238,0.0,0.259,505.76,0.0,0.0,0.0,0.0
4239,0.0,1.225,111.87,0.0,0.0,0.0,0.0
4240,0.0,-1.275,147.69,0.0,0.0,0.0,0.0
4241,0.0,0.418,700.23,0.0,0.0,0.0,0.0
4242,0.0,1.456,609.81,0.0,0.0,0.0,0.0
4243,0.0,-0.028,3366.21,0.0,0.0,0.0,0.0
4244,0.0,0.516,1197.77,0.0,0.0,0.0,0.0
4245,0.0,-2.866,880.65,0.0,0.0,0.0,0.0
4246,0.0,0.173,280.72,0.0,0.0,0.0,0.0
4247,0.0,-3.023,1116.18,0.0,0.0,0.0,0.0
4248,0.0,-3.114,279.29,0.0,0.0,0.0,0.0
4249,0.0,-1.846,154.6,0.0,0.0,0.0,0.0
4250,0.0,0.749,186.56,0.0,0.0,0.0,0.0
4251,0.0,-0.9,149.93,0.0,0.0,0.0,0.0
4252,0.0,2.068,162.76,0.0,0.0,0.0,0.0
4253,0.0,2.016,887.85,0.0,0.0,0.0,0.0
4254,0.0,1.829,4430.15,0.0,0.0,0.0,0.0
4255,0.0,0.819,108.47,0.0,0.0,0.0,0.0
4256,0.0,-2.395,1557.05,0.0,0.0,0.0,0.0
4257,0.0,-2.506,252.53,0.0,0.0,0.0,0.0
4258,0.0,0.239,895.99,0.0,0.0,0.0,0.0
4259,0.0,-2.0,1064.69,0.0,0.0,0.0,0.0
4260,0.0,2.841,1148.39,0.0,0.0,0.0,0.0
4261,0.0,1.886,1523.64,0.0,0.0,0.0,0.0
4262,0.0,-0.114,288.01,0.0,0.0,0.0,0.0
4263,0.0,-1.433,717.33,0.0,0.0,0.0,0.0
4264,0.0,2.482,487.34,0.0,0.0,0.0,0.0
4265,0.0,-1.286,327.65,0.0,0.0,0.0,0.0
4266,0.0,0.844,176.63,0.0,0.0,0.0,0.0
4267,0.0,0.779,433.33,0.0,0.0,0.0,0.0
4268,0.0,-1.676,958.7,0.0,0.0,0.0,0.0
4269,0.0,-1.152,682.23,0.0,0.0,0.0,0.0
4270,0.0,1.293,873.62,0.0,0.0,0.0,0.0
4271,0.0,-0.585,993.99,0.0,0.0,0.0,0.0
4272,0.0,2.569,1221.41,0.0,0.0,0.0,0.0
4273,0.0,2.36,332.1,0.0,0.0,0.0,0.0
4274,0.0,0.367,850.97,0.0,0.0,0.0,0.0
4275,0.0,-0.339,945.7,0.0,0.0,0.0,0.0
4276,0.0,-0.987,893.98,0.0,0.0,0.0,0.0
4277,0.0,2.53,26.96,0.0,0.0,0.0,0.0
4278,0.0,-1.002,997.69,0.0,0.0,0.0,0.0
4279,0.0,-0.48,634.92,0.0,0.0,0.0,0.0
4280,0.0,1.34,633.16,0.0,0.0,0.0,0.0
4281,0.0,-1.277,66.5,0.0,0.0,0.0,0.0
4282,0.0,-2.597,88.33,0.0,0.0,0.0,0.0
4283,0.0,2.194,292.01,0.0,0.0,0.0,0.0
4284,0.0,-2.31,112.92,0.0,0.0,0.0,0.0
4285,0.0,2.254,133.31,0.0,0.0,0.0,0.0
4286,0.0,-2.14,773.34,0.0,0.0,0.0,0.0
4287,0.0,1.449,188.07,0.0,0.0,0.0,0.0
4288,0.0,0.49,1225.26,0.0,0.0,0.0,0.0
4289,0.0,2.468,249.21,0.0,0.0,0.0,0.0
4290,0.0,-2.488,817.07,0.0,0.0,0.0,0.0
4291,0.0,1.247,1784.51,0.0,0.0,0.0,0.0
4292,0.0,2.997,234.8,0.0,0.0,0.0,0.0
4293,0.0,-2.7,99.43,0.0,0.0,0.0,0.0
4294,0.0,0.261,79.51,0.0,0.0,0.0,0.0
4295,0.0,2.838,243.69,0.0,0.0,0.0,0.0
4296,0.0,-0.381,211.5,0.0,0.0,0.0,0.0
4297,0.0,-1.199,102.24,0.0,0.0,0.0,0.0
4298,0.0,-1.78,338.78,0.0,0.0,0.0,0.0
4299,0.0,-0.576,1343.63,0.0,0.0,0.0,0.0
4300,0.0,0.911,533.46,0.0,0.0,0.0,0.0
4301,0.0,-1.532,2320.27,0.0,0.0,0.0,0.0
4302,0.0,-0.401,1995.16,0.0,0.0,0.0,0.0
4303,0.0,2.764,477.18,0.0,0.0,0.0,0.0
4304,0.0,2.161,533.82,0.0,0.0,0.0,0.0
4305,0.0,-0.501,248.67,0.0,0.0,0.0,0.0
4306,0.0,1.052,126.03,0.0,0.0,0.0,0.0
4307,0.0,-0.4,597.62,0.0,0.0,0.0,0.0
4308,0.0,1.677,951.15,0.0,0.0,0.0,0.0
4309,0.0,-0.32,853.37,0.0,0.0,0.0,0.0
4310,0.0,2.272,55.2,0.0,0.0,0.0,0.0
4311,0.0,1.274,325.77,0.0,0.0,0.0,0.0
4312,0.0,-0.672,195.03,0.0,0.0,0.0,0.0
4313,0.0,2.711,233.06,0.0,0.0,0.0,0.0
4314,0.0,2.343,1658.89,0.0,0.0,0.0,0.0
4315,0.0,-3.09,411.89,0.0,0.0,0.0,0.0
4316,0.0,0.614,216.63,0.0,0.0,0.0,0.0
4317,0.0,-1.037,143.36,0.0,0.0,0.0,0.0
4318,0.0,-0.344,459.26,0.0,0.0,0.0,0.0
4319,0.0,-0.433,1777.83,0.0,0.0,0.0,0.0
4320,0.0,1.505,16.09,0.0,0.0,0.0,0.0
4321,0.0,-0.647,842.31,0.0,0.0,0.0,0.0
4322,0.0,-1.72,477.95,0.0,0.0,0.0,0.0
4323,0.0,2.781,597.35,0.0,0.0,0.0,0.0
4324,0.0,-2.619,730.36,0.0,0.0,0.0,0.0
4325,0.0,3.09,255.18,0.0,0.0,0.0,0.0
4326,0.0,-0.658,2425.42,0.0,0.0,0.0,0.0
4327,0.0,0.257,111.44,0.0,0.0,0.0,0.0
4328,0.0,1.527,526.4,0.0,0.0,0.0,0.0
4329,0.0,-1.231,661.83,0.0,0.0,0.0,0.0
4330,0.0,2.543,176.48,0.0,0.0,0.0,0.0
4331,0.0,3.139,1082.02,0.0,0.0,0.0,0.0
4332,0.0,1.903,2182.03,0.0,0.0,0.0,0.0
4333,0.0,-3.047,195.51,0.0,0.0,0.0,0.0
4334,0.0,-1.581,148.79,0.0,0.0,0.0,0.0
4335,0.0,1.07,323.54,0.0,0.0,0.0,0.0
4336,0.0,-0.109,444.29,0.0,0.0,0.0,0.0
4337,0.0,2.069,136.87,0.0,0.0,0.0,0.0
4338,0.0,2.863,1152.34,0.0,0.0,0.0,0.0
4339,0.0,2.538,168.99,0.0,0.0,0.0,0.0
4340,0.0,2.199,753.94,0.0,0.0,0.0,0.0
4341,0.0,2.145,111.29,0.0,0.0,0.0,0.0
4342,0.0,-2.047,243.16,0.0,0.0,0.0,0.0
4343,0.0,2.221,429.27,0.0,0.0,0.0,0.0
4344,0.0,0.537,981.9,0.0,0.0,0.0,0.0
4345,0.0,0.55,1606.21,0.0,0.0,0.0,0.0
4346,0.0,-1.867,142.75,0.0,0.0,0.0,0.0
4347,0.0,-1.266,558.12,0.0,0.0,0.0,0.0
4348,0.0,-0.676,384.78,0.0,0.0,0.0,0.0
4349,0.0,-0.661,263.18,0.0,0.0,0.0,0.0
4350,0.0,0.882,246.27,0.0,0.0,0.0,0.0
4351,0.0,0.061,295.49,0.0,0.0,0.0,0.0
4352,0.0,0.619,668.48,0.0,0.0,0.0,0.0
4353,0.0,-2.862,314.38,0.0,0.0,0.0,0.0
4354,0.0,-1.463,389.96,0.0,0.0,0.0,0.0
4355,0.0,2.379,715.55,0.0,0.0,0.0,0.0
4356,0.0,-2.777,44.59,0.0,0.0,0.0,0.0
4357,0.0,1.308,430.13,0.0,0.0,0.0,0.0
4358,0.0,-1.908,277.68,0.0,0.0,0.0,0.0
4359,0.0,1.389,1755.11,0.0,0.0,0.0,0.0
4360,0.0,-0.732,206.82,0.0,0.0,0.0,0.0
4361,0.0,1.688,1698.89,0.0,0.0,0.0,0.0
4362,0.0,-1.114,248.09,0.0,0.0,0.0,0.0
4363,0.0,-1.7,135.25,0.0,0.0,0.0,0.0
4364,0.0,-0.242,415.52,0.0,0.0,0.0,0.0
4365,0.0,0.77,107.16,0.0,0.0,0.0,0.0
4366,0.0,-0.42,142.01,0.0,0.0,0.0,0.0
4367,0.0,1.147,1905.09,0.0,0.0,0.0,0.0
4368,0.0,-2.434,605.75,0.0,0.0,0.0,0.0
4369,0.0,3.106,97.23,0.0,0.0,0.0,0.0
4370,0.0,0.361,864.28,0.0,0.0,0.0,0.0
4371,0.0,1.583,394.96,0.0,0.0,0.0,0.0
4372,0.0,-2.184,815.26,0.0,0.0,0.0,0.0
4373,0.0,1.0,103.15,0.0,0.0,0.0,0.0
4374,0.0,2.978,199.07,0.0,0.0,0.0,0.0
4375,0.0,-1.308,999.38,0.0,0.0,0.0,0.0
4376,0.0,-2.527,901.8,0.0,0.0,0.0,0.0
4377,0.0,2.808,4096.21,0.0,0.0,0.0,0.0
4378,0.0,1.502,125.27,0.0,0.0,0.0,0.0
4379,0.0,-1.054,44.87,0.0,0.0,0.0,0.0
4380,0.0,0.738,245.37,0.0,0.0,0.0,0.0
4381,0.0,-0.131,2589.16,0.0,0.0,0.0,0.0
4382,0.0,-0.014,1333.78,0.0,0.0,0.0,0.0
4383,0.0,1.578,1730.42,0.0,0.0,0.0,0.0
4384,0.0,-0.511,1075.0,0.0,0.0,0.0,0.0
4385,0.0,0.847,161.77,0.0,0.0,0.0,0.0
4386,0.0,0.637,636.59,0.0,0.0,0.0,0.0
4387,0.0,1.108,176.09,0.0,0.0,0.0,0.0
4388,0.0,-0.213,350.28,0.0,0.0,0.0,0.0
4389,0.0,3.056,334.44,0.0,0.0,0.0,0.0
4390,0.0,2.876,2069.61,0.0,0.0,0.0,0.0
4391,0.0,-1.93,60.58,0.0,0.0,0.0,0.0
4392,0.0,-0.471,1090.79,0.0,0.0,0.0,0.0
4393,0.0,0.418,963.85,0.0,0.0,0.0,0.0
4394,0.0,2.62,1470.17,0.0,0.0,0.0,0.0
4395,0.0,-0.334,232.44,0.0,0.0,0.0,0.0
4396,0.0,1.856,306.52,0.0,0.0,0.0,0.0
4397,0.0,0.379,241.57,0.0,0.0,0.0,0.0
4398,0.0,0.265,106.03,0.0,0.0,0.0,0.0
4399,0.0,-1.581,387.35,0.0,0.0,0.0,0.0
4400,0.0,2.881,63.62,0.0,0.0,0.0,0.0
4401,0.0,2.983,635.49,0.0,0.0,0.0,0.0
4402,0.0,1.573,720.95,0.0,0.0,0.0,0.0
4403,0.0,1.99,426.39,0.0,0.0,0.0,0.0
4404,0.0,-1.914,53.9,0.0,0.0,0.0,0.0
4405,0.0,-1.162,138.09,0.0,0.0,0.0,0.0
4406,0.0,-3.029,1855.59,0.0,0.0,0.0,0.0
4407,0.0,-1.251,191.05,0.0,0.0,0.0,0.0
4408,0.0,2.847,59.18,0.0,0.0,0.0,0.0
4409,0.0,-2.641,384.17,0.0,0.0,0.0,0.0
4410,0.0,-0.434,437.27,0.0,0.0,0.0,0.0
4411,0.0,0.182,1931.7,0.0,0.0,0.0,0.0
4412,0.0,-0.532,223.25,0.0,0.0,0.0,0.0
4413,0.0,-2.04,535.44,0.0,0.0,0.0,0.0
4414,0.0,1.378,127.36,0.0,0.0,0.0,0.0
4415,0.0,-3.064,2447.25,0.0,0.0,0.0,0.0
4416,0.0,-1.897,291.47,0.0,0.0,0.0,0.0
4417,0.0,0.942,369.19,0.0,0.0,0.0,0.0
4418,0.0,2.388,212.39,0.0,0.0,0.0,0.0
4419,0.0,0.086,1590.62,0.0,0.0,0.0,0.0
4420,0.0,-2.996,681.66,0.0,0.0,0.0,0.0
4421,0.0,0.667,2491.9,0.0,0.0,0.0,0.0
4422,0.0,-0.627,7.85,0.0,0.0,0.0,0.0
4423,0.0,-2.447,184.58,0.0,0.0,0.0,0.0
4424,0.0,-2.297,625.21,0.0,0.0,0.0,0.0
4425,0.0,-1.584,622.51,0.0,0.0,0.0,0.0
4426,0.0,-0.881,2473.91,0.0,0.0,0.0,0.0
4427,0.0,-1.875,148.83,0.0,0.0,0.0,0.0
4428,0.0,-2.181,262.93,0.0,0.0,0.0,0.0
4429,0.0,1.461,766.9,0.0,0.0,0.0,0.0
4430,0.0,-0.217,176.2,0.0,0.0,0.0,0.0
4431,0.0,1.668,572.55,0.0,0.0,0.0,0.0
4432,0.0,-2.077,463.95,0.0,0.0,0.0,0.0
4433,0.0,-1.177,1277.07,0.0,0.0,0.0,0.0
4434,0.0,-0.263,83.88,0.0,0.0,0.0,0.0
4435,0.0,2.179,225.98,0.0,0.0,0.0,0.0
4436,0.0,3.013,1839.36,0.0,0.0,0.0,0.0
4437,0.0,0.148,599.32,0.0,0.0,0.0,0.0
4438,0.0,-2.935,846.9,0.0,0.0,0.0,0.0
4439,0.0,2.02,1087.91,0.0,0.0,0.0,0.0
4440,0.0,-2.311,443.24,0.0,0.0,0.0,0.0
4441,0.0,0.111,307.1,0.0,0.0,0.0,0.0
4442,0.0,0.8,2004.64,0.0,0.0,0.0,0.0
4443,0.0,-3.06,66.89,0.0,0.0,0.0,0.0
4444,0.0,-2.483,677.51,0.0,0.0,0.0,0.0
4445,0.0,-1.849,1076.0,0.0,0.0,0.0,0.0
4446,0.0,-1.094,465.02,0.0,0.0,0.0,0.0
4447,0.0,-2.036,869.18,0.0,0.0,0.0,0.0
4448,0.0,1.743,531.39,0.0,0.0,0.0,0.0
4449,0.0,1.603,58.15,0.0,0.0,0.0,0.0
4450,0.0,2.578,1734.48,0.0,0.0,0.0,0.0
4451,0.0,-1.384,234.18,0.0,0.0,0.0,0.0
4452,0.0,1.836,189.52,0.0,0.0,0.0,0.0
4453,0.0,-0.795,142.04,0.0,0.0,0.0,0.0
4454,0.0,-1.235,476.07,0.0,0.0,0.0,0.0
4455,0.0,-3.026,176.68,0.0,0.0,0.0,0.0
4456,0.0,-1.898,1010.38,0.0,0.0,0.0,0.0
4457,0.0,-1.462,2001.76,0.0,0.0,0.0,0.0
4458,0.0,0.149,1210.58,0.0,0.0,0.0,0.0
4459,0.0,-2.88,887.2,0.0,0.0,0.0,0.0
4460,0.0,-1.033,49.8,0.0,0.0,0.0,0.0
4461,0.0,-2.701,270.06,0.0,0.0,0.0,0.0
4462,0.0,-2.971,913.42,0.0,0.0,0.0,0.0
4463,0.0,-2.035,445.48,0.0,0.0,0.0,0.0
4464,0.0,1.949,674.26,0.0,0.0,0.0,0.0
4465,0.0,-1.163,296.69,0.0,0.0,0.0,0.0
4466,0.0,-1.377,759.2,0.0,0.0,0.0,0.0
4467,0.0,-0.432,122.15,0.0,0.0,0.0,0.0
4468,0.0,-0.058,176.68,0.0,0.0,0.0,0.0
4469,0.0,-2.412,272.11,0.0,0.0,0.0,0.0
4470,0.0,-0.952,1652.31,0.0,0.0,0.0,0.0
4471,0.0,2.53,1130.6,0.0,0.0,0.0,0.0
4472,0.0,-0.99,286.43,0.0,0.0,0.0,0.0
4473,0.0,-2.436,421.62,0.0,0.0,0.0,0.0
4474,0.0,2.493,2016.45,0.0,0.0,0.0,0.0
4475,0.0,2.649,252.74,0.0,0.0,0.0,0.0
4476,0.0,-2.677,229.83,0.0,0.0,0.0,0.0
4477,0.0,1.519,922.18,0.0,0.0,0.0,0.0
4478,0.0,-1.538,492.55,0.0,0.0,0.0,0.0
4479,0.0,0.005,370.74,0.0,0.0,0.0,0.0
4480,0.0,-1.261,447.89,0.0,0.0,0.0,0.0
4481,0.0,0.089,217.38,0.0,0.0,0.0,0.0
4482,0.0,0.994,168.58,0.0,0.0,0.0,0.0
4483,0.0,2.421,2202.2,0.0,0.0,0.0,0.0
4484,0.0,-2.773,1407.53,0.0,0.0,0.0,0.0
4485,0.0,-1.629,422.03,0.0,0.0,0.0,0.0
4486,0.0,1.612,853.45,0.0,0.0,0.0,0.0
4487,0.0,-0.249,739.74,0.0,0.0,0.0,0.0
4488,0.0,2.127,313.94,0.0,0.0,0.0,0.0
4489,0.0,2.87,901.52,0.0,0.0,0.0,0.0
4490,0.0,-0.055,95.87,0.0,0.0,0.0,0.0
4491,0.0,3.025,264.47,0.0,0.0,0.0,0.0
4492,0.0,-0.186,205.17,0.0,0.0,0.0,0.0
4493,0.0,-1.425,126.4,0.0,0.0,0.0,0.0
4494,0.0,3.05,1852.29,0.0,0.0,0.0,0.0
4495,0.0,-0.578,648.41,0.0,0.0,0.0,0.0
4496,0.0,-2.781,278.21,0.0,0.0,0.0,0.0
4497,0.0,0.035,1570.97,0.0,0.0,0.0,0.0
4498,0.0,-1.643,501.31,0.0,0.0,0.0,0.0
4499,0.0,-0.297,71.68,0.0,0.0,0.0,0.0
4500,0.0,-2.628,193.08,0.0,0.0,0.0,0.0
4501,0.0,2.202,704.53,0.0,0.0,0.0,0.0
4502,0.0,-2.527,1528.21,0.0,0.0,0.0,0.0
4503,0.0,1.399,571.66,0.0,0.0,0.0,0.0
4504,0.0,2.303,473.0,0.0,0.0,0.0,0.0
4505,0.0,-0.339,1619.4,0.0,0.0,0.0,0.0
4506,0.0,2.911,965.1,0.0,0.0,0.0,0.0
4507,0.0,-0.886,16.44,0.0,0.0,0.0,0.0
4508,0.0,0.153,272.91,0.0,0.0,0.0,0.0
4509,0.0,-1.352,72.41,0.0,0.0,0.0,0.0
4510,0.0,-0.119,138.81,0.0,0.0,0.0,0.0
4511,0.0,-1.399,292.63,0.0,0.0,0.0,0.0
4512,0.0,1.657,517.08,0.0,0.0,0.0,0.0
4513,0.0,-2.762,1408.45,0.0,0.0,0.0,0.0
4514,0.0,-1.129,1090.49,0.0,0.0,0.0,0.0
4515,0.0,1.403,147.44,0.0,0.0,0.0,0.0
4516,0.0,-2.258,268.54,0.0,0.0,0.0,0.0
4517,0.0,1.127,754.26,0.0,0.0,0.0,0.0
4518,0.0,-0.978,502.85,0.0,0.0,0.0,0.0
4519,0.0,0.598,1518.89,0.0,0.0,0.0,0.0
4520,0.0,1.78,1686.36,0.0,0.0,0.0,0.0
4521,0.0,2.141,2192.27,0.0,0.0,0.0,0.0
4522,0.0,-1.207,831.65,0.0,0.0,0.0,0.0
4523,0.0,2.804,183.39,0.0,0.0,0.0,0.0
4524,0.0,-2.981,1142.76,0.0,0.0,0.0,0.0
4525,0.0,-0.22,160.2,0.0,0.0,0.0,0.0
4526,0.0,2.792,187.95,0.0,0.0,0.0,0.0
4527,0.0,2.824,456.96,0.0,0.0,0.0,0.0
4528,0.0,-1.089,547.25,0.0,0.0,0.0,0.0
4529,0.0,2.642,107.35,0.0,0.0,0.0,0.0
4530,0.0,0.427,38.16,0.0,0.0,0.0,0.0
4531,0.0,0.484,1435.18,0.0,0.0,0.0,0.0
4532,0.0,-0.744,73.23,0.0,0.0,0.0,0.0
4533,0.0,2.584,76.61,0.0,0.0,0.0,0.0
4534,0.0,2.995,1043.77,0.0,0.0,0.0,0.0
4535,0.0,0.362,1356.14,0.0,0.0,0.0,0.0
4536,0.0,0.41,205.96,0.0,0.0,0.0,0.0
4537,0.0,1.86,248.87,0.0,0.0,0.0,0.0
4538,0.0,-1.828,724.48,0.0,0.0,0.0,0.0
4539,0.0,-3.038,1793.28,0.0,0.0,0.0,0.0
4540,0.0,2.333,370.78,0.0,0.0,0.0,0.0
4541,0.0,-2.488,1194.57,0.0,0.0,0.0,0.0
4542,0.0,1.517,1974.05,0.0,0.0,0.0,0.0
4543,0.0,3.008,849.5,0.0,0.0,0.0,0.0
4544,0.0,1.2,374.25,0.0,0.0,0.0,0.0
4545,0.0,-1.897,30.76,0.0,0.0,0.0,0.0
4546,0.0,2.466,110.76,0.0,0.0,0.0,0.0
4547,0.0,-1.749,1191.08,0.0,0.0,0.0,0.0
4548,0.0,3.015,179.4,0.0,0.0,0.0,0.0
4549,0.0,2.031,2118.94,0.0,0.0,0.0,0.0
4550,0.0,0.095,238.12,0.0,0.0,0.0,0.0
4551,0.0,1.349,347.3,0.0,0.0,0.0,0.0
4552,0.0,-0.967,164.69,0.0,0.0,0.0,0.0
4553,0.0,-1.514,1041.89,0.0,0.0,0.0,0.0
4554,0.0,1.575,311.93,0.0,0.0,0.0,0.0
4555,0.0,-1.309,166.67,0.0,0.0,0.0,0.0
4556,0.0,0.291,200.68,0.0,0.0,0.0,0.0
4557,0.0,-2.316,288.79,0.0,0.0,0.0,0.0
4558,0.0,-2.876,294.81,0.0,0.0,0.0,0.0
4559,0.0,3.02,69.26,0.0,0.0,0.0,0.0
4560,0.0,2.002,286.67,0.0,0.0,0.0,0.0
4561,0.0,-1.73,92.91,0.0,0.0,0.0,0.0
4562,0.0,0.443,543.91,0.0,0.0,0.0,0.0
4563,0.0,2.934,1029.59,0.0,0.0,0.0,0.0
4564,0.0,-1.358,120.85,0.0,0.0,0.0,0.0
4565,0.0,1.731,454.34,0.0,0.0,0.0,0.0
4566,0.0,-0.299,627.66,0.0,0.0,0.0,0.0
4567,0.0,-2.944,165.02,0.0,0.0,0.0,0.0
4568,0.0,-3.118,1462.5,0.0,0.0,0.0,0.0
4569,0.0,-0.915,161.24,0.0,0.0,0.0,0.0
4570,0.0,-0.287,473.85,0.0,0.0,0.0,0.0
4571,0.0,-1.729,886.59,0.0,0.0,0.0,0.0
4572,0.0,-1.706,103.02,0.0,0.0,0.0,0.0
4573,0.0,3.072,30.64,0.0,0.0,0.0,0.0
4574,0.0,-2.471,254.38,0.0,0.0,0.0,0.0
4575,0.0,0.933,2680.35,0.0,0.0,0.0,0.0
4576,0.0,1.539,372.37,0.0,0.0,0.0,0.0
4577,0.0,2.479,679.38,0.0,0.0,0.0,0.0
4578,0.0,2.15,671.9,0.0,0.0,0.0,0.0
4579,0.0,-0.15,352.69,0.0,0.0,0.0,0.0
4580,0.0,-0.509,106.95,0.0,0.0,0.0,0.0
4581,0.0,2.665,227.8,0.0,0.0,0.0,0.0
4582,0.0,2.257,2554.97,0.0,0.0,0.0,0.0
4583,0.0,-2.969,47.81,0.0,0.0,0.0,0.0
4584,0.0,2.715,155.58,0.0,0.0,0.0,0.0
4585,0.0,2.44,139.26,0.0,0.0,0.0,0.0
4586,0.0,-1.147,143.26,0.0,0.0,0.0,0.0
4587,0.0,-1.092,1739.59,0.0,0.0,0.0,0.0
4588,0.0,2.043,250.28,0.0,0.0,0.0,0.0
4589,0.0,2.182,1521.63,0.0,0.0,0.0,0.0
4590,0.0,-0.049,403.39,0.0,0.0,0.0,0.0
4591,0.0,1.782,2066.33,0.0,0.0,0.0,0.0
4592,0.0,1.728,140.22,0.0,0.0,0.0,0.0
4593,0.0,-2.344,55.15,0.0,0.0,0.0,0.0
4594,0.0,1.35,955.61,0.0,0.0,0.0,0.0
4595,0.0,-1.325,1041.77,0.0,0.0,0.0,0.0
4596,0.0,3.131,119.34,0.0,0.0,0.0,0.0
4597,0.0,2.083,1092.85,0.0,0.0,0.0,0.0
4598,0.0,0.505,2648.55,0.0,0.0,0.0,0.0
4599,0.0,3.121,600.7,0.0,0.0,0.0,0.0
4600,0.0,2.815,43.9,0.0,0.0,0.0,0.0
4601,0.0,-2.799,149.79,0.0,0.0,0.0,0.0
4602,0.0,-0.399,276.32,0.0,0.0,0.0,0.0
4603,0.0,-2.787,681.29,0.0,0.0,0.0,0.0
4604,0.0,2.819,206.68,0.0,0.0,0.0,0.0
4605,0.0,-2.501,34.1,0.0,0.0,0.0,0.0
4606,0.0,0.096,304.65,0.0,0.0,0.0,0.0
4607,0.0,2.203,197.36,0.0,0.0,0.0,0.0
4608,0.0,1.479,260.49,0.0,0.0,0.0,0.0
4609,0.0,1.235,145.99,0.0,0.0,0.0,0.0
4610,0.0,-0.923,245.02,0.0,0.0,0.0,0.0
4611,0.0,2.546,268.94,0.0,0.0,0.0,0.0
4612,0.0,-1.928,2942.86,0.0,0.0,0.0,0.0
4613,0.0,-1.596,689.43,0.0,0.0,0.0,0.0
4614,0.0,0.523,372.15,0.0,0.0,0.0,0.0
4615,0.0,-0.569,791.54,0.0,0.0,0.0,0.0
4616,0.0,1.084,459.28,0.0,0.0,0.0,0.0
4617,0.0,-0.563,474.25,0.0,0.0,0.0,0.0
4618,0.0,-1.814,456.43,0.0,0.0,0.0,0.0
4619,0.0,-1.371,277.1,0.0,0.0,0.0,0.0
4620,0.0,2.854,968.16,0.0,0.0,0.0,0.0
4621,0.0,2.489,377.91,0.0,0.0,0.0,0.0
4622,0.0,0.97,136.56,0.0,0.0,0.0,0.0
4623,0.0,1.691,312.51,0.0,0.0,0.0,0.0
4624,0.0,1.205,297.68,0.0,0.0,0.0,0.0
4625,0.0,-1.547,439.51,0.0,0.0,0.0,0.0
4626,0.0,0.992,174.3,0.0,0.0,0.0,0.0
4627,0.0,-2.653,133.43,0.0,0.0,0.0,0.0
4628,0.0,0.655,282.47,0.0,0.0,0.0,0.0
4629,0.0,0.891,67.25,0.0,0.0,0.0,0.0
4630,0.0,-2.953,173.09,0.0,0.0,0.0,0.0
4631,0.0,1.034,2464.31,0.0,0.0,0.0,0.0
4632,0.0,0.695,233.93,0.0,0.0,0.0,0.0
4633,0.0,-2.923,346.28,0.0,0.0,0.0,0.0
4634,0.0,1.702,84.37,0.0,0.0,0.0,0.0
4635,0.0,1.278,1121.19,0.0,0.0,0.0,0.0
4636,0.0,-2.022,292.91,0.0,0.0,0.0,0.0
4637,0.0,-0.217,224.66,0.0,0.0,0.0,0.0
4638,0.0,-0.382,142.51,0.0,0.0,0.0,0.0
4639,0.0,2.579,385.08,0.0,0.0,0.0,0.0
4640,0.0,2.78,918.91,0.0,0.0,0.0,0.0
4641,0.0,1.396,526.62,0.0,0.0,0.0,0.0
4642,0.0,0.209,563.42,0.0,0.0,0.0,0.0
4643,0.0,-0.537,459.9,0.0,0.0,0.0,0.0
4644,0.0,1.929,467.24,0.0,0.0,0.0,0.0
4645,0.0,-3.017,1236.3,0.0,0.0,0.0,0.0
4646,0.0,1.795,372.34,0.0,0.0,0.0,0.0
4647,0.0,2.965,50.67,0.0,0.0,0.0,0.0
4648,0.0,-0.375,265.85,0.0,0.0,0.0,0.0
4649,0.0,-2.02,323.4,0.0,0.0,0.0,0.0
4650,0.0,-1.97,272.58,0.0,0.0,0.0,0.0
4651,0.0,-1.472,118.78,0.0,0.0,0.0,0.0
4652,0.0,0.292,2164.96,0.0,0.0,0.0,0.0
4653,0.0,-0.963,1228.47,0.0,0.0,0.0,0.0
4654,0.0,-0.098,1828.65,0.0,0.0,0.0,0.0
4655,0.0,-2.539,2210.58,0.0,0.0,0.0,0.0
4656,0.0,-0.601,368.73,0.0,0.0,0.0,0.0
4657,0.0,0.164,215.71,0.0,0.0,0.0,0.0
4658,0.0,-1.854,477.39,0.0,0.0,0.0,0.0
4659,0.0,2.568,2278.27,0.0,0.0,0.0,0.0
4660,0.0,-0.07,37.48,0.0,0.0,0.0,0.0
4661,0.0,-1.951,427.47,0.0,0.0,0.0,0.0
4662,0.0,-2.411,530.79,0.0,0.0,0.0,0.0
4663,0.0,1.867,213.4,0.0,0.0,0.0,0.0
4664,0.0,-1.715,192.55,0.0,0.0,0.0,0.0
4665,0.0,1.014,355.07,0.0,0.0,0.0,0.0
4666,0.0,2.428,618.05,0.0,0.0,0.0,0.0
4667,0.0,1.735,223.08,0.0,0.0,0.0,0.0
4668,0.0,1.654,290.58,0.0,0.0,0.0,0.0
4669,0.0,1.604,839.79,0.0,0.0,0.0,0.0
4670,0.0,1.038,212.11,0.0,0.0,0.0,0.0
4671,0.0,0.364,649.61,0.0,0.0,0.0,0.0
4672,0.0,-0.406,460.37,0.0,0.0,0.0,0.0
4673,0.0,-0.994,152.87,0.0,0.0,0.0,0.0
4674,0.0,-0.575,701.16,0.0,0.0,0.0,0.0
4675,0.0,1.055,2314.72,0.0,0.0,0.0,0.0
4676,0.0,2.882,117.87,0.0,0.0,0.0,0.0
4677,0.0,-1.977,375.76,0.0,0.0,0.0,0.0
4678,0.0,2.719,234.61,0.0,0.0,0.0,0.0
4679,0.0,-1.456,153.95,0.0,0.0,0.0,0.0
4680,0.0,1.611,126.03,0.0,0.0,0.0,0.0
4681,0.0,2.294,124.17,0.0,0.0,0.0,0.0
4682,0.0,-1.453,1081.51,0.0,0.0,0.0,0.0
4683,0.0,1.122,717.43,0.0,0.0,0.0,0.0
4684,0.0,0.043,1344.67,0.0,0.0,0.0,0.0
4685,0.0,1.471,229.96,0.0,0.0,0.0,0.0
4686,0.0,-1.725,3729.75,0.0,0.0,0.0,0.0
4687,0.0,2.331,245.29,0.0,0.0,0.0,0.0
4688,0.0,-1.38,877.99,0.0,0.0,0.0,0.0
4689,0.0,-0.332,121.69,0.0,0.0,0.0,0.0
4690,0.0,1.345,903.64,0.0,0.0,0.0,0.0
4691,0.0,-2.692,370.94,0.0,0.0,0.0,0.0
4692,0.0,3.084,720.75,0.0,0.0,0.0,0.0
4693,0.0,-0.783,954.04,0.0,0.0,0.0,0.0
4694,0.0,2.558,610.65,0.0,0.0,0.0,0.0
4695,0.0,0.276,59.95,0.0,0.0,0.0,0.0
4696,0.0,-0.823,62.41,0.0,0.0,0.0,0.0
4697,0.0,-3.043,522.08,0.0,0.0,0.0,0.0
4698,0.0,-2.626,111.56,0.0,0.0,0.0,0.0
4699,0.0,0.276,1111.41,0.0,0.0,0.0,0.0
4700,0.0,2.356,361.29,0.0,0.0,0.0,0.0
4701,0.0,1.367,255.84,0.0,0.0,0.0,0.0
4702,0.0,2.702,64.41,0.0,0.0,0.0,0.0
4703,0.0,-0.489,426.35,0.0,0.0,0.0,0.0
4704,0.0,0.647,107.49,0.0,0.0,0.0,0.0
4705,0.0,2.007,306.4,0.0,0.0,0.0,0.0
4706,0.0,1.776,1281.2,0.0,0.0,0.0,0.0
4707,0.0,2.819,122.67,0.0,0.0,0.0,0.0
4708,0.0,-2.069,379.35,0.0,0.0,0.0,0.0
4709,0.0,0.115,1142.38,0.0,0.0,0.0,0.0
4710,0.0,1.544,181.53,0.0,0.0,0.0,0.0
4711,0.0,0.55,513.1,0.0,0.0,0.0,0.0
4712,0.0,-0.161,3228.37,0.0,0.0,0.0,0.0
4713,0.0,-2.889,857.44,0.0,0.0,0.0,0.0
4714,0.0,3.044,499.93,0.0,0.0,0.0,0.0
4715,0.0,-0.705,164.3,0.0,0.0,0.0,0.0
4716,0.0,-0.789,589.78,0.0,0.0,0.0,0.0
4717,0.0,2.577,107.39,0.0,0.0,0.0,0.0
4718,0.0,-0.735,1259.15,0.0,0.0,0.0,0.0
4719,0.0,0.09,65.33,0.0,0.0,0.0,0.0
4720,0.0,-1.922,159.79,0.0,0.0,0.0,0.0
4721,0.0,-1.396,1823.4,0.0,0.0,0.0,0.0
4722,0.0,-0.666,191.07,0.0,0.0,0.0,0.0
4723,0.0,-2.78,796.13,0.0,0.0,0.0,0.0
4724,0.0,-1.938,213.06,0.0,0.0,0.0,0.0
4725,0.0,2.628,29.83,0.0,0.0,0.0,0.0
4726,0.0,-2.943,383.62,0.0,0.0,0.0,0.0
4727,0.0,0.83,242.47,0.0,0.0,0.0,0.0
4728,0.0,-1.076,264.13,0.0,0.0,0.0,0.0
4729,0.0,-1.155,3364.42,0.0,0.0,0.0,0.0
4730,0.0,-0.194,882.41,0.0,0.0,0.0,0.0
4731,0.0,-2.595,1516.17,0.0,0.0,0.0,0.0
4732,0.0,2.429,340.1,0.0,0.0,0.0,0.0
4733,0.0,2.224,373.79,0.0,0.0,0.0,0.0
4734,0.0,-2.213,67.58,0.0,0.0,0.0,0.0
4735,0.0,-2.159,521.77,0.0,0.0,0.0,0.0
4736,0.0,1.659,208.35,0.0,0.0,0.0,0.0
4737,0.0,-0.565,319.73,0.0,0.0,0.0,0.0
4738,0.0,-2.629,461.42,0.0,0.0,0.0,0.0
4739,0.0,-0.931,430.81,0.0,0.0,0.0,0.0
4740,0.0,-2.456,257.68,0.0,0.0,0.0,0.0
4741,0.0,2.058,208.2,0.0,0.0,0.0,0.0
4742,0.0,1.641,276.45,0.0,0.0,0.0,0.0
4743,0.0,-0.506,1310.47,0.0,0.0,0.0,0.0
4744,0.0,-2.492,130.89,0.0,0.0,0.0,0.0
4745,0.0,2.824,810.91,0.0,0.0,0.0,0.0
4746,0.0,-2.46,346.34,0.0,0.0,0.0,0.0
4747,0.0,0.993,237.71,0.0,0.0,0.0,0.0
4748,0.0,-0.861,1830.3,0.0,0.0,0.0,0.0
4749,0.0,0.196,798.31,0.0,0.0,0.0,0.0
4750,0.0,2.536,152.02,0.0,0.0,0.0,0.0
4751,0.0,-0.527,546.6,0.0,0.0,0.0,0.0
4752,0.0,-2.518,456.99,0.0,0.0,0.0,0.0
4753,0.0,1.381,684.46,0.0,0.0,0.0,0.0
4754,0.0,-1.635,353.9,0.0,0.0,0.0,0.0
4755,0.0,1.763,969.71,0.0,0.0,0.0,0.0
4756,0.0,-0.072,928.44,0.0,0.0,0.0,0.0
4757,0.0,2.705,3104.13,0.0,0.0,0.0,0.0
4758,0.0,-2.695,1928.61,0.0,0.0,0.0,0.0
4759,0.0,0.863,336.53,0.0,0.0,0.0,0.0
4760,0.0,-0.089,248.89,0.0,0.0,0.0,0.0
4761,0.0,-0.288,400.57,0.0,0.0,0.0,0.0
4762,0.0,0.873,77.04,0.0,0.0,0.0,0.0
4763,0.0,-0.131,506.11,0.0,0.0,0.0,0.0
4764,0.0,-0.019,58.3,0.0,0.0,0.0,0.0
4765,0.0,1.573,98.97,0.0,0.0,0.0,0.0
4766,0.0,2.353,3258.5,0.0,0.0,0.0,0.0
4767,0.0,2.082,621.25,0.0,0.0,0.0,0.0
4768,0.0,0.857,153.75,0.0,0.0,0.0,0.0
4769,0.0,1.385,879.87,0.0,0.0,0.0,0.0
4770,0.0,-0.266,199.08,0.0,0.0,0.0,0.0
4771,0.0,2.39,1420.46,0.0,0.0,0.0,0.0
4772,0.0,-0.614,134.31,0.0,0.0,0.0,0.0
4773,0.0,-2.564,1754.79,0.0,0.0,0.0,0.0
4774,0.0,-0.711,404.65,0.0,0.0,0.0,0.0
4775,0.0,-0.139,160.03,0.0,0.0,0.0,0.0
4776,0.0,-0.782,165.52,0.0,0.0,0.0,0.0
4777,0.0,-0.675,1963.48,0.0,0.0,0.0,0.0
4778,0.0,3.048,108.36,0.0,0.0,0.0,0.0
4779,0.0,-1.825,122.74,0.0,0.0,0.0,0.0
4780,0.0,-3.033,322.7,0.0,0.0,0.0,0.0
4781,0.0,-1.25,227.1,0.0,0.0,0.0,0.0
4782,0.0,2.599,604.71,0.0,0.0,0.0,0.0
4783,0.0,0.434,733.63,0.0,0.0,0.0,0.0
4784,0.0,-1.223,326.31,0.0,0.0,0.0,0.0
4785,0.0,-0.056,188.63,0.0,0.0,0.0,0.0
4786,0.0,-1.753,998.39,0.0,0.0,0.0,0.0
4787,0.0,1.85,1191.23,0.0,0.0,0.0,0.0
4788,0.0,-2.068,271.72,0.0,0.0,0.0,0.0
4789,0.0,-2.051,1148.79,0.0,0.0,0.0,0.0
4790,0.0,1.528,121.82,0.0,0.0,0.0,0.0
4791,0.0,1.349,482.32,0.0,0.0,0.0,0.0
4792,0.0,-3.052,49.32,0.0,0.0,0.0,0.0
4793,0.0,-1.886,188.81,0.0,0.0,0.0,0.0
4794,0.0,-2.395,2331.92,0.0,0.0,0.0,0.0
4795,0.0,2.412,411.48,0.0,0.0,0.0,0.0
4796,0.0,0.53,491.61,0.0,0.0,0.0,0.0
4797,0.0,-0.747,1018.34,0.0,0.0,0.0,0.0
4798,0.0,2.639,409.76,0.0,0.0,0.0,0.0
4799,0.0,-2.542,3334.72,0.0,0.0,0.0,0.0
4800,0.0,-0.423,209.21,0.0,0.0,0.0,0.0
4801,0.0,2.01,187.09,0.0,0.0,0.0,0.0
4802,0.0,-0.877,201.1,0.0,0.0,0.0,0.0
4803,0.0,-0.96,75.79,0.0,0.0,0.0,0.0
4804,0.0,-1.826,199.33,0.0,0.0,0.0,0.0
4805,0.0,2.619,601.55,0.0,0.0,0.0,0.0
4806,0.0,0.521,298.85,0.0,0.0,0.0,0.0
4807,0.0,-0.194,748.68,0.0,0.0,0.0,0.0
4808,0.0,0.86,165.65,0.0,0.0,0.0,0.0
4809,0.0,2.777,1005.91,0.0,0.0,0.0,0.0
4810,0.0,1.027,1056.87,0.0,0.0,0.0,0.0
4811,0.0,1.265,2744.25,0.0,0.0,0.0,0.0
4812,0.0,-1.761,248.83,0.0,0.0,0.0,0.0
4813,0.0,2.535,312.64,0.0,0.0,0.0,0.0
4814,0.0,-1.314,456.53,0.0,0.0,0.0,0.0
4815,0.0,2.441,466.53,0.0,0.0,0.0,0.0
4816,0.0,-0.259,200.5,0.0,0.0,0.0,0.0
4817,0.0,-2.446,188.41,0.0,0.0,0.0,0.0
4818,0.0,2.434,882.87,0.0,0.0,0.0,0.0
4819,0.0,-1.033,111.1,0.0,0.0,0.0,0.0
4820,0.0,0.553,108.06,0.0,0.0,0.0,0.0
4821,0.0,1.494,444.05,0.0,0.0,0.0,0.0
4822,0.0,0.063,1030.69,0.0,0.0,0.0,0.0
4823,0.0,-1.634,469.38,0.0,0.0,0.0,0.0
4824,0.0,1.521,525.92,0.0,0.0,0.0,0.0
4825,0.0,3.078,534.93,0.0,0.0,0.0,0.0
4826,0.0,1.935,306.58,0.0,0.0,0.0,0.0
4827,0.0,-1.368,2401.13,0.0,0.0,0.0,0.0
4828,0.0,-1.799,573.6,0.0,0.0,0.0,0.0
4829,0.0,0.367,196.02,0.0,0.0,0.0,0.0
4830,0.0,2.601,70.14,0.0,0.0,0.0,0.0
4831,0.0,-2.468,1179.67,0.0,0.0,0.0,0.0
4832,0.0,-1.207,485.34,0.0,0.0,0.0,0.0
4833,0.0,1.735,873.01,0.0,0.0,0.0,0.0
4834,0.0,-1.689,241.04,0.0,0.0,0.0,0.0
4835,0.0,2.988,1663.96,0.0,0.0,0.0,0.0
4836,0.0,-2.517,1681.31,0.0,0.0,0.0,0.0
4837,0.0,1.097,326.26,0.0,0.0,0.0,0.0
4838,0.0,-2.166,148.29,0.0,0.0,0.0,0.0
4839,0.0,2.168,1088.26,0.0,0.0,0.0,0.0
4840,0.0,1.566,383.18,0.0,0.0,0.0,0.0
4841,0.0,-3.115,492.45,0.0,0.0,0.0,0.0
4842,0.0,-2.675,810.87,0.0,0.0,0.0,0.0
4843,0.0,-2.976,651.59,0.0,0.0,0.0,0.0
4844,0.0,-0.511,54.01,0.0,0.0,0.0,0.0
4845,0.0,1.898,2303.25,0.0,0.0,0.0,0.0
4846,0.0,-1.781,1941.72,0.0,0.0,0.0,0.0
4847,0.0,-2.698,669.48,0.0,0.0,0.0,0.0
4848,0.0,0.325,2484.4,0.0,0.0,0.0,0.0
4849,0.0,-0.087,262.88,0.0,0.0,0.0,0.0
4850,0.0,1.503,113.69,0.0,0.0,0.0,0.0
4851,0.0,-0.93,148.9,0.0,0.0,0.0,0.0
4852,0.0,-0.111,192.55,0.0,0.0,0.0,0.0
4853,0.0,1.176,21.01,0.0,0.0,0.0,0.0
4854,0.0,2.753,146.75,0.0,0.0,0.0,0.0
4855,0.0,1.778,23.95,0.0,0.0,0.0,0.0
4856,0.0,1.06,822.52,0.0,0.0,0.0,0.0
4857,0.0,-1.644,315.78,0.0,0.0,0.0,0.0
4858,0.0,-1.407,484.26,0.0,0.0,0.0,0.0
4859,0.0,1.131,375.89,0.0,0.0,0.0,0.0
4860,0.0,0.495,361.94,0.0,0.0,0.0,0.0
4861,0.0,0.145,84.31,0.0,0.0,0.0,0.0
4862,0.0,-1.851,873.56,0.0,0.0,0.0,0.0
4863,0.0,-1.889,259.21,0.0,0.0,0.0,0.0
4864,0.0,0.87,159.97,0.0,0.0,0.0,0.0
4865,0.0,-2.242,203.79,0.0,0.0,0.0,0.0
4866,0.0,1.076,87.56,0.0,0.0,0.0,0.0
4867,0.0,-1.099,1185.71,0.0,0.0,0.0,0.0
4868,0.0,2.577,407.7,0.0,0.0,0.0,0.0
4869,0.0,-2.274,1592.14,0.0,0.0,0.0,0.0
4870,0.0,-2.061,80.16,0.0,0.0,0.0,0.0
4871,0.0,-2.955,676.41,0.0,0.0,0.0,0.0
4872,0.0,-1.88,2854.87,0.0,0.0,0.0,0.0
4873,0.0,-0.266,87.42,0.0,0.0,0.0,0.0
4874,0.0,2.521,507.84,0.0,0.0,0.0,0.0
4875,0.0,-1.986,276.32,0.0,0.0,0.0,0.0
4876,0.0,-0.3,517.04,0.0,0.0,0.0,0.0
4877,0.0,-0.875,143.64,0.0,0.0,0.0,0.0
4878,0.0,1.67,248.13,0.0,0.0,0.0,0.0
4879,0.0,2.858,191.6,0.0,0.0,0.0,0.0
4880,0.0,-1.069,31.93,0.0,0.0,0.0,0.0
4881,0.0,-1.219,256.17,0.0,0.0,0.0,0.0
4882,0.0,1.697,2182.03,0.0,0.0,0.0,0.0
4883,0.0,1.246,221.55,0.0,0.0,0.0,0.0
4884,0.0,-0.009,85.85,0.0,0.0,0.0,0.0
4885,0.0,-1.52,186.75,0.0,0.0,0.0,0.0
4886,0.0,-2.465,173.74,0.0,0.0,0.0,0.0
4887,0.0,-2.23,638.38,0.0,0.0,0.0,0.0
4888,0.0,0.687,22.46,0.0,0.0,0.0,0.0
4889,0.0,-1.125,280.32,0.0,0.0,0.0,0.0
4890,0.0,0.096,91.01,0.0,0.0,0.0,0.0
4891,0.0,2.109,203.33,0.0,0.0,0.0,0.0
4892,0.0,2.14,214.52,0.0,0.0,0.0,0.0
4893,0.0,-1.64,1479.31,0.0,0.0,0.0,0.0
4894,0.0,-0.784,116.65,0.0,0.0,0.0,0.0
4895,0.0,2.54,2600.07,0.0,0.0,0.0,0.0
4896,0.0,-3.043,1649.98,0.0,0.0,0.0,0.0
4897,0.0,-0.79,142.36,0.0,0.0,0.0,0.0
4898,0.0,-1.819,640.3,0.0,0.0,0.0,0.0
4899,0.0,-0.29,858.85,0.0,0.0,0.0,0.0
4900,0.0,1.833,932.88,0.0,0.0,0.0,0.0
4901,0.0,-0.718,178.65,0.0,0.0,0.0,0.0
4902,0.0,0.53,215.45,0.0,0.0,0.0,0.0
4903,0.0,1.668,580.39,0.0,0.0,0.0,0.0
4904,0.0,2.727,529.05,0.0,0.0,0.0,0.0
4905,0.0,-2.259,2633.6,0.0,0.0,0.0,0.0
4906,0.0,0.398,30.17,0.0,0.0,0.0,0.0
4907,0.0,0.198,104.7,0.0,0.0,0.0,0.0
4908,0.0,2.524,89.6,0.0,0.0,0.0,0.0
4909,0.0,-2.949,224.58,0.0,0.0,0.0,0.0
4910,0.0,-1.027,31.48,0.0,0.0,0.0,0.0
4911,0.0,-3.117,272.1,0.0,0.0,0.0,0.0
4912,0.0,1.411,518.46,0.0,0.0,0.0,0.0
4913,0.0,-0.897,900.93,0.0,0.0,0.0,0.0
4914,0.0,2.059,122.1,0.0,0.0,0.0,0.0
4915,0.0,2.792,21.64,0.0,0.0,0.0,0.0
4916,0.0,-1.387,514.56,0.0,0.0,0.0,0.0
4917,0.0,1.982,9.62,0.0,0.0,0.0,0.0
4918,0.0,0.658,1777.61,0.0,0.0,0.0,0.0
4919,0.0,2.649,1792.26,0.0,0.0,0.0,0.0
4920,0.0,0.988,1007.79,0.0,0.0,0.0,0.0
4921,0.0,0.279,114.14,0.0,0.0,0.0,0.0
4922,0.0,1.477,952.6,0.0,0.0,0.0,0.0
4923,0.0,0.596,335.35,0.0,0.0,0.0,0.0
4924,0.0,2.781,169.66,0.0,0.0,0.0,0.0
4925,0.0,-2.957,27.4,0.0,0.0,0.0,0.0
4926,0.0,-0.093,642.06,0.0,0.0,0.0,0.0
4927,0.0,-0.852,1393.76,0.0,0.0,0.0,0.0
4928,0.0,1.522,1363.33,0.0,0.0,0.0,0.0
4929,0.0,-0.367,198.16,0.0,0.0,0.0,0.0
4930,0.0,-1.478,298.27,0.0,0.0,0.0,0.0
4931,0.0,0.522,297.32,0.0,0.0,0.0,0.0
4932,0.0,2.348,880.7,0.0,0.0,0.0,0.0
4933,0.0,2.271,1207.02,0.0,0.0,0.0,0.0
4934,0.0,-1.603,65.82,0.0,0.0,0.0,0.0
4935,0.0,-1.331,616.78,0.0,0.0,0.0,0.0
4936,0.0,2.239,666.42,0.0,0.0,0.0,0.0
4937,0.0,1.648,771.92,0.0,0.0,0.0,0.0
4938,0.0,-3.109,1052.62,0.0,0.0,0.0,0.0
4939,0.0,-3.104,444.78,0.0,0.0,0.0,0.0
4940,0.0,-1.848,171.83,0.0,0.0,0.0,0.0
4941,0.0,-2.031,188.94,0.0,0.0,0.0,0.0
4942,0.0,1.776,90.82,0.0,0.0,0.0,0.0
4943,0.0,0.822,1038.97,0.0,0.0,0.0,0.0
4944,0.0,1.951,74.86,0.0,0.0,0.0,0.0
4945,0.0,0.774,1329.3,0.0,0.0,0.0,0.0
4946,0.0,2.806,1618.88,0.0,0.0,0.0,0.0
4947,0.0,-1.524,30.62,0.0,0.0,0.0,0.0
4948,0.0,-2.329,2594.73,0.0,0.0,0.0,0.0
4949,0.0,2.863,129.56,0.0,0.0,0.0,0.0
4950,0.0,-2.459,254.33,0.0,0.0,0.0,0.0
4951,0.0,-0.848,206.76,0.0,0.0,0.0,0.0
4952,0.0,-1.181,92.1,0.0,0.0,0.0,0.0
4953,0.0,2.635,1067.64,0.0,0.0,0.0,0.0
4954,0.0,2.505,465.76,0.0,0.0,0.0,0.0
4955,0.0,0.094,281.68,0.0,0.0,0.0,0.0
4956,0.0,-2.507,1864.65,0.0,0.0,0.0,0.0
4957,0.0,-0.06,322.73,0.0,0.0,0.0,0.0
4958,0.0,1.666,1842.57,0.0,0.0,0.0,0.0
4959,0.0,-1.802,1020.7,0.0,0.0,0.0,0.0
4960,0.0,3.069,199.18,0.0,0.0,0.0,0.0
4961,0.0,0.578,235.2,0.0,0.0,0.0,0.0
4962,0.0,2.171,66.31,0.0,0.0,0.0,0.0
4963,0.0,0.327,797.34,0.0,0.0,0.0,0.0
4964,0.0,-2.914,2000.69,0.0,0.0,0.0,0.0
4965,0.0,1.096,262.16,0.0,0.0,0.0,0.0
4966,0.0,2.479,114.51,0.0,0.0,0.0,0.0
4967,0.0,0.488,956.85,0.0,0.0,0.0,0.0
4968,0.0,0.486,538.58,0.0,0.0,0.0,0.0
4969,0.0,1.254,618.99,0.0,0.0,0.0,0.0
4970,0.0,-2.932,2276.71,0.0,0.0,0.0,0.0
4971,0.0,-0.615,65.94,0.0,0.0,0.0,0.0
4972,0.0,1.174,1682.14,0.0,0.0,0.0,0.0
4973,0.0,0.934,158.46,0.0,0.0,0.0,0.0
4974,0.0,2.334,432.69,0.0,0.0,0.0,0.0
4975,0.0,2.222,1698.65,0.0,0.0,0.0,0.0
4976,0.0,1.233,443.29,0.0,0.0,0.0,0.0
4977,0.0,1.306,211.87,0.0,0.0,0.0,0.0
4978,0.0,-0.841,213.49,0.0,0.0,0.0,0.0
4979,0.0,0.528,259.21,0.0,0.0,0.0,0.0
4980,0.0,1.382,908.68,0.0,0.0,0.0,0.0
4981,0.0,2.608,763.96,0.0,0.0,0.0,0.0
4982,0.0,-2.447,859.73,0.0,0.0,0.0,0.0
4983,0.0,-2.975,446.3,0.0,0.0,0.0,0.0
4984,0.0,1.782,103.12,0.0,0.0,0.0,0.0
4985,0.0,1.722,246.85,0.0,0.0,0.0,0.0
4986,0.0,2.219,1572.16,0.0,0.0,0.0,0.0
4987,0.0,2.822,463.87,0.0,0.0,0.0,0.0
4988,0.0,0.072,285.5,0.0,0.0,0.0,0.0
4989,0.0,0.439,758.81,0.0,0.0,0.0,0.0
4990,0.0,2.975,310.75,0.0,0.0,0.0,0.0
4991,0.0,-1.851,100.02,0.0,0.0,0.0,0.0
4992,0.0,1.377,530.96,0.0,0.0,0.0,0.0
4993,0.0,1.887,787.84,0.0,0.0,0.0,0.0
4994,0.0,0.975,3130.47,0.0,0.0,0.0,0.0
4995,0.0,-1.878,2111.56,0.0,0.0,0.0,0.0
4996,0.0,2.287,1125.21,0.0,0.0,0.0,0.0
4997,0.0,-0.701,194.18,0.0,0.0,0.0,0.0
4998,0.0,1.038,233.78,0.0,0.0,0.0,0.0
4999,0.0,0.595,1427.31,0.0,0.0,0.0,0.0
5000,0.0,0.555,470.11,0.0,0.0,0.0,0.0
5001,0.0,0.756,859.48,0.0,0.0,0.0,0.0
5002,0.0,1.246,662.74,0.0,0.0,0.0,0.0
5003,0.0,1.077,156.02,0.0,0.0,0.0,0.0
5004,0.0,-2.099,132.72,0.0,0.0,0.0,0.0
5005,0.0,-0.562,335.34,0.0,0.0,0.0,0.0
5006,0.0,1.082,45.54,0.0,0.0,0.0,0.0
5007,0.0,2.48,45.4,0.0,0.0,0.0,0.0
5008,0.0,2.02,1129.76,0.0,0.0,0.0,0.0
5009,0.0,-1.726,2631.44,0.0,0.0,0.0,0.0
5010,0.0,2.794,611.43,0.0,0.0,0.0,0.0
5011,0.0,-0.208,222.22,0.0,0.0,0.0,0.0
5012,0.0,0.513,42.63,0.0,0.0,0.0,0.0
5013,0.0,-1.349,869.8,0.0,0.0,0.0,0.0
5014,0.0,0.574,882.58,0.0,0.0,0.0,0.0
5015,0.0,-0.224,1064.08,0.0,0.0,0.0,0.0
5016,0.0,-2.591,133.98,0.0,0.0,0.0,0.0
5017,0.0,-0.321,73.87,0.0,0.0,0.0,0.0
5018,0.0,1.085,876.44,0.0,0.0,0.0,0.0
5019,0.0,-0.771,335.51,0.0,0.0,0.0,0.0
5020,0.0,-0.928,2305.75,0.0,0.0,0.0,0.0
5021,0.0,-2.599,345.27,0.0,0.0,0.0,0.0
5022,0.0,-0.035,411.07,0.0,0.0,0.0,0.0
5023,0.0,1.371,2614.03,0.0,0.0,0.0,0.0
5024,0.0,-2.058,331.09,0.0,0.0,0.0,0.0
5025,0.0,-0.128,921.06,0.0,0.0,0.0,0.0
5026,0.0,2.558,337.06,0.0,0.0,0.0,0.0
5027,0.0,-2.504,732.16,0.0,0.0,0.0,0.0
5028,0.0,-0.106,237.63,0.0,0.0,0.0,0.0
5029,0.0,-1.004,218.74,0.0,0.0,0.0,0.0
5030,0.0,-1.06,780.17,0.0,0.0,0.0,0.0
5031,0.0,3.125,264.63,0.0,0.0,0.0,0.0
5032,0.0,-3.072,193.86,0.0,0.0,0.0,0.0
5033,0.0,1.478,1207.57,0.0,0.0,0.0,0.0
5034,0.0,2.85,873.43,0.0,0.0,0.0,0.0
5035,0.0,-1.433,199.65,0.0,0.0,0.0,0.0
5036,0.0,-2.717,405.4,0.0,0.0,0.0,0.0
5037,0.0,0.615,765.79,0.0,0.0,0.0,0.0
5038,0.0,-2.906,564.82,0.0,0.0,0.0,0.0
5039,0.0,0.856,761.4,0.0,0.0,0.0,0.0
5040,0.0,2.067,322.14,0.0,0.0,0.0,0.0
5041,0.0,2.04,800.74,0.0,0.0,0.0,0.0
5042,0.0,0.903,270.62,0.0,0.0,0.0,0.0
5043,0.0,1.517,1545.55,0.0,0.0,0.0,0.0
5044,0.0,1.217,1026.11,0.0,0.0,0.0,0.0
5045,0.0,2.259,54.3,0.0,0.0,0.0,0.0
5046,0.0,-2.77,84.45,0.0,0.0,0.0,0.0
5047,0.0,-0.011,941.2,0.0,0.0,0.0,0.0
5048,0.0,2.904,250.43,0.0,0.0,0.0,0.0
5049,0.0,0.88,293.22,0.0,0.0,0.0,0.0
5050,0.0,-0.167,570.31,0.0,0.0,0.0,0.0
5051,0.0,-1.084,1697.73,0.0,0.0,0.0,0.0
5052,0.0,2.18,1365.68,0.0,0.0,0.0,0.0
5053,0.0,3.022,279.62,0.0,0.0,0.0,0.0
5054,0.0,2.978,106.87,0.0,0.0,0.0,0.0
5055,0.0,2.278,345.05,0.0,0.0,0.0,0.0
5056,0.0,-0.778,2555.74,0.0,0.0,0.0,0.0
5057,0.0,-2.736,573.6,0.0,0.0,0.0,0.0
5058,0.0,-1.794,790.65,0.0,0.0,0.0,0.0
5059,0.0,1.108,307.9,0.0,0.0,0.0,0.0
5060,0.0,1.222,846.1,0.0,0.0,0.0,0.0
5061,0.0,-1.062,1227.42,0.0,0.0,0.0,0.0
5062,0.0,-0.839,348.57,0.0,0.0,0.0,0.0
5063,0.0,0.706,344.97,0.0,0.0,0.0,0.0
5064,0.0,-0.005,543.33,0.0,0.0,0.0,0.0
5065,0.0,2.495,799.79,0.0,0.0,0.0,0.0
5066,0.0,0.725,94.89,0.0,0.0,0.0,0.0
5067,0.0,1.738,1018.64,0.0,0.0,0.0,0.0
5068,0.0,2.169,408.66,0.0,0.0,0.0,0.0
5069,0.0,-0.956,233.65,0.0,0.0,0.0,0.0
5070,0.0,-3.061,109.15,0.0,0.0,0.0,0.0
5071,0.0,-1.128,141.7,0.0,0.0,0.0,0.0
5072,0.0,0.019,1316.89,0.0,0.0,0.0,0.0
5073,0.0,-2.088,105.44,0.0,0.0,0.0,0.0
5074,0.0,1.727,603.31,0.0,0.0,0.0,0.0
5075,0.0,1.627,260.81,0.0,0.0,0.0,0.0
5076,0.0,-2.004,182.06,0.0,0.0,0.0,0.0
5077,0.0,2.396,173.65,0.0,0.0,0.0,0.0
5078,0.0,1.916,417.24,0.0,0.0,0.0,0.0
5079,0.0,-0.286,1758.04,0.0,0.0,0.0,0.0
5080,0.0,2.425,1316.55,0.0,0.0,0.0,0.0
5081,0.0,0.134,244.59,0.0,0.0,0.0,0.0
5082,0.0,2.245,2642.41,0.0,0.0,0.0,0.0
5083,0.0,0.126,802.44,0.0,0.0,0.0,0.0
5084,0.0,-0.359,268.6,0.0,0.0,0.0,0.0
5085,0.0,-2.021,1791.68,0.0,0.0,0.0,0.0
5086,0.0,1.216,1502.67,0.0,0.0,0.0,0.0
5087,0.0,1.743,563.43,0.0,0.0,0.0,0.0
5088,0.0,-2.343,180.92,0.0,0.0,0.0,0.0
5089,0.0,-2.482,2241.15,0.0,0.0,0.0,0.0
5090,0.0,-0.906,144.96,0.0,0.0,0.0,0.0
5091,0.0,-2.262,128.79,0.0,0.0,0.0,0.0
5092,0.0,0.333,146.1,0.0,0.0,0.0,0.0
5093,0.0,1.385,336.3,0.0,0.0,0.0,0.0
5094,0.0,0.84,354.12,0.0,0.0,0.0,0.0
5095,0.0,-1.343,978.98,0.0,0.0,0.0,0.0
5096,0.0,-0.382,284.41,0.0,0.0,0.0,0.0
5097,0.0,-2.907,1564.38,0.0,0.0,0.0,0.0
5098,0.0,-2.664,82.26,0.0,0.0,0.0,0.0
5099,0.0,2.073,384.65,0.0,0.0,0.0,0.0
5100,0.0,2.269,177.44,0.0,0.0,0.0,0.0
5101,0.0,1.436,64.27,0.0,0.0,0.0,0.0
5102,0.0,1.571,56.79,0.0,0.0,0.0,0.0
5103,0.0,-0.375,192.46,0.0,0.0,0.0,0.0
5104,0.0,2.217,256.12,0.0,0.0,0.0,0.0
5105,0.0,-2.652,1572.6,0.0,0.0,0.0,0.0
5106,0.0,2.357,497.52,0.0,0.0,0.0,0.0
5107,0.0,-1.673,137.11,0.0,0.0,0.0,0.0
5108,0.0,-2.698,271.79,0.0,0.0,0.0,0.0
5109,0.0,-0.75,719.9,0.0,0.0,0.0,0.0
5110,0.0,2.485,373.84,0.0,0.0,0.0,0.0
5111,0.0,0.177,1830.9,0.0,0.0,0.0,0.0
5112,0.0,1.848,372.09,0.0,0.0,0.0,0.0
5113,0.0,2.959,622.56,0.0,0.0,0.0,0.0
5114,0.0,-2.362,2200.35,0.0,0.0,0.0,0.0
5115,0.0,2.382,2156.82,0.0,0.0,0.0,0.0
5116,0.0,-0.734,241.83,0.0,0.0,0.0,0.0
5117,0.0,-0.399,398.49,0.0,0.0,0.0,0.0
5118,0.0,-2.799,398.68,0.0,0.0,0.0,0.0
5119,0.0,0.914,747.53,0.0,0.0,0.0,0.0
5120,0.0,3.109,994.97,0.0,0.0,0.0,0.0
5121,0.0,-2.523,144.04,0.0,0.0,0.0,0.0
5122,0.0,0.31,146.01,0.0,0.0,0.0,0.0
5123,0.0,-0.663,350.57,0.0,0.0,0.0,0.0
5124,0.0,-2.411,68.73,0.0,0.0,0.0,0.0
5125,0.0,-1.177,423.5,0.0,0.0,0.0,0.0
5126,0.0,-2.128,972.42,0.0,0.0,0.0,0.0
5127,0.0,-2.674,808.62,0.0,0.0,0.0,0.0
5128,0.0,-1.23,643.72,0.0,0.0,0.0,0.0
5129,0.0,-2.882,1280.64,0.0,0.0,0.0,0.0
5130,0.0,-1.975,1826.72,0.0,0.0,0.0,0.0
5131,0.0,-0.396,299.1,0.0,0.0,0.0,0.0
5132,0.0,-2.536,890.08,0.0,0.0,0.0,0.0
5133,0.0,-2.373,281.66,0.0,0.0,0.0,0.0
5134,0.0,2.671,523.93,0.0,0.0,0.0,0.0
5135,0.0,0.125,779.9,0.0,0.0,0.0,0.0
5136,0.0,-1.006,423.94,0.0,0.0,0.0,0.0
5137,0.0,3.081,979.03,0.0,0.0,0.0,0.0
5138,0.0,1.923,1914.3,0.0,0.0,0.0,0.0
5139,0.0,-1.066,369.48,0.0,0.0,0.0,0.0
5140,0.0,0.396,141.96,0.0,0.0,0.0,0.0
5141,0.0,-1.19,741.19,0.0,0.0,0.0,0.0
5142,0.0,-0.824,1153.11,0.0,0.0,0.0,0.0
5143,0.0,-2.908,1143.2,0.0,0.0,0.0,0.0
5144,0.0,2.438,292.69,0.0,0.0,0.0,0.0
5145,0.0,-3.051,127.26,0.0,0.0,0.0,0.0
5146,0.0,-2.698,123.23,0.0,0.0,0.0,0.0
5147,0.0,-1.287,389.8,0.0,0.0,0.0,0.0
5148,0.0,-3.044,591.3,0.0,0.0,0.0,0.0
5149,0.0,0.15,204.2,0.0,0.0,0.0,0.0
5150,0.0,-3.002,237.4,0.0,0.0,0.0,0.0
5151,0.0,0.853,143.36,0.0,0.0,0.0,0.0
5152,0.0,1.068,583.61,0.0,0.0,0.0,0.0
5153,0.0,0.36,98.9,0.0,0.0,0.0,0.0
5154,0.0,2.635,187.22,0.0,0.0,0.0,0.0
5155,0.0,-2.915,231.32,0.0,0.0,0.0,0.0
5156,0.0,-1.42,38.5,0.0,0.0,0.0,0.0
5157,0.0,-2.298,119.12,0.0,0.0,0.0,0.0
5158,0.0,-0.033,457.02,0.0,0.0,0.0,0.0
5159,0.0,-1.174,324.45,0.0,0.0,0.0,0.0
5160,0.0,0.184,312.14,0.0,0.0,0.0,0.0
5161,0.0,-0.714,38.21,0.0,0.0,0.0,0.0
5162,0.0,0.204,3023.56,0.0,0.0,0.0,0.0
5163,0.0,1.195,216.38,0.0,0.0,0.0,0.0
5164,0.0,0.75,1491.48,0.0,0.0,0.0,0.0
5165,0.0,-2.583,482.98,0.0,0.0,0.0,0.0
5166,0.0,-0.816,9.2,0.0,0.0,0.0,0.0
5167,0.0,-2.326,378.09,0.0,0.0,0.0,0.0
5168,0.0,-1.621,293.31,0.0,0.0,0.0,0.0
5169,0.0,2.047,808.91,0.0,0.0,0.0,0.0
5170,0.0,-2.897,202.61,0.0,0.0,0.0,0.0
5171,0.0,1.49,496.83,0.0,0.0,0.0,0.0
5172,0.0,-0.802,1026.91,0.0,0.0,0.0,0.0
5173,0.0,1.267,1406.0,0.0,0.0,0.0,0.0
5174,0.0,-1.354,374.18,0.0,0.0,0.0,0.0
5175,0.0,0.671,345.05,0.0,0.0,0.0,0.0
5176,0.0,-2.552,233.23,0.0,0.0,0.0,0.0
5177,0.0,-2.987,316.32,0.0,0.0,0.0,0.0
5178,0.0,-0.154,292.17,0.0,0.0,0.0,0.0
5179,0.0,-0.776,232.34,0.0,0.0,0.0,0.0
5180,0.0,-1.145,358.45,0.0,0.0,0.0,0.0
5181,0.0,-2.067,110.39,0.0,0.0,0.0,0.0
5182,0.0,-2.321,290.92,0.0,0.0,0.0,0.0
5183,0.0,3.06,326.0,0.0,0.0,0.0,0.0
5184,0.0,-2.918,63.89,0.0,0.0,0.0,0.0
5185,0.0,0.535,91.85,0.0,0.0,0.0,0.0
5186,0.0,0.116,219.5,0.0,0.0,0.0,0.0
5187,0.0,-2.621,271.66,0.0,0.0,0.0,0.0
5188,0.0,1.396,372.74,0.0,0.0,0.0,0.0
5189,0.0,1.433,361.59,0.0,0.0,0.0,0.0
5190,0.0,2.476,57.44,0.0,0.0,0.0,0.0
5191,0.0,-2.497,479.83,0.0,0.0,0.0,0.0
5192,0.0,-0.85,72.54,0.0,0.0,0.0,0.0
5193,0.0,-2.872,26.52,0.0,0.0,0.0,0.0
5194,0.0,1.388,2938.32,0.0,0.0,0.0,0.0
5195,0.0,-0.971,27.28,0.0,0.0,0.0,0.0
5196,0.0,-2.781,1456.1,0.0,0.0,0.0,0.0
5197,0.0,-0.821,1337.97,0.0,0.0,0.0,0.0
5198,0.0,2.811,139.31,0.0,0.0,0.0,0.0
5199,0.0,-0.326,2198.18,0.0,0.0,0.0,0.0
5200,0.0,-2.804,154.52,0.0,0.0,0.0,0.0
5201,0.0,-1.153,339.85,0.0,0.0,0.0,0.0
5202,0.0,1.177,1713.99,0.0,0.0,0.0,0.0
5203,0.0,-0.004,1462.2,0.0,0.0,0.0,0.0
5204,0.0,2.19,302.37,0.0,0.0,0.0,0.0
5205,0.0,-2.533,275.49,0.0,0.0,0.0,0.0
5206,0.0,-0.653,62.19,0.0,0.0,0.0,0.0
5207,0.0,-0.413,436.21,0.0,0.0,0.0,0.0
5208,0.0,-2.77,384.16,0.0,0.0,0.0,0.0
5209,0.0,-2.247,385.89,0.0,0.0,0.0,0.0
5210,0.0,-2.331,782.96,0.0,0.0,0.0,0.0
5211,0.0,-1.61,825.25,0.0,0.0,0.0,0.0
5212,0.0,0.96,646.6,0.0,0.0,0.0,0.0
5213,0.0,0.527,268.11,0.0,0.0,0.0,0.0
5214,0.0,-0.321,87.85,0.0,0.0,0.0,0.0
5215,0.0,1.36,1857.71,0.0,0.0,0.0,0.0
5216,0.0,-1.347,3264.88,0.0,0.0,0.0,0.0
5217,0.0,1.415,96.43,0.0,0.0,0.0,0.0
5218,0.0,-0.512,456.35,0.0,0.0,0.0,0.0
5219,0.0,0.459,510.65,0.0,0.0,0.0,0.0
5220,0.0,-2.679,68.04,0.0,0.0,0.0,0.0
5221,0.0,-2.585,664.93,0.0,0.0,0.0,0.0
5222,0.0,0.128,295.48,0.0,0.0,0.0,0.0
5223,0.0,-0.05,348.55,0.0,0.0,0.0,0.0
5224,0.0,2.094,514.81,0.0,0.0,0.0,0.0
5225,0.0,-1.276,303.39,0.0,0.0,0.0,0.0
5226,0.0,-2.814,389.98,0.0,0.0,0.0,0.0
5227,0.0,-2.579,701.86,0.0,0.0,0.0,0.0
5228,0.0,-1.023,465.23,0.0,0.0,0.0,0.0
5229,0.0,0.801,1204.4,0.0,0.0,0.0,0.0
5230,0.0,-0.453,1465.91,0.0,0.0,0.0,0.0
5231,0.0,2.216,785.51,0.0,0.0,0.0,0.0
5232,0.0,-1.55,355.81,0.0,0.0,0.0,0.0
5233,0.0,0.462,88.74,0.0,0.0,0.0,0.0
5234,0.0,2.844,120.12,0.0,0.0,0.0,0.0
5235,0.0,-2.076,325.99,0.0,0.0,0.0,0.0
5236,0.0,1.129,585.43,0.0,0.0,0.0,0.0
5237,0.0,0.126,105.96,0.0,0.0,0.0,0.0
5238,0.0,0.993,527.68,0.0,0.0,0.0,0.0
5239,0.0,0.96,414.02,0.0,0.0,0.0,0.0
5240,0.0,-2.52,1605.21,0.0,0.0,0.0,0.0
5241,0.0,2.971,177.93,0.0,0.0,0.0,0.0
5242,0.0,0.294,410.43,0.0,0.0,0.0,0.0
5243,0.0,-1.855,1286.2,0.0,0.0,0.0,0.0
5244,0.0,-0.309,1115.96,0.0,0.0,0.0,0.0
5245,0.0,2.408,2685.67,0.0,0.0,0.0,0.0
5246,0.0,-0.994,252.67,0.0,0.0,0.0,0.0
5247,0.0,3.063,1098.37,0.0,0.0,0.0,0.0
5248,0.0,3.096,213.57,0.0,0.0,0.0,0.0
5249,0.0,2.056,747.63,0.0,0.0,0.0,0.0
5250,0.0,-0.477,124.54,0.0,0.0,0.0,0.0
5251,0.0,-2.83,93.68,0.0,0.0,0.0,0.0
5252,0.0,-1.385,922.65,0.0,0.0,0.0,0.0
5253,0.0,0.242,1028.72,0.0,0.0,0.0,0.0
5254,0.0,-0.736,1960.11,0.0,0.0,0.0,0.0
5255,0.0,0.915,210.89,0.0,0.0,0.0,0.0
5256,0.0,-0.004,1430.74,0.0,0.0,0.0,0.0
5257,0.0,1.742,2334.71,0.0,0.0,0.0,0.0
5258,0.0,0.118,172.6,0.0,0.0,0.0,0.0
5259,0.0,1.543,104.13,0.0,0.0,0.0,0.0
5260,0.0,-1.306,161.29,0.0,0.0,0.0,0.0
5261,0.0,-2.147,451.43,0.0,0.0,0.0,0.0
5262,0.0,-0.486,169.29,0.0,0.0,0.0,0.0
5263,0.0,-1.654,959.34,0.0,0.0,0.0,0.0
5264,0.0,-0.791,1024.01,0.0,0.0,0.0,0.0
5265,0.0,2.544,183.7,0.0,0.0,0.0,0.0
5266,0.0,1.987,147.0,0.0,0.0,0.0,0.0
5267,0.0,2.513,354.87,0.0,0.0,0.0,0.0
5268,0.0,-2.804,318.39,0.0,0.0,0.0,0.0
5269,0.0,2.311,1931.76,0.0,0.0,0.0,0.0
5270,0.0,1.747,437.23,0.0,0.0,0.0,0.0
5271,0.0,-2.42,381.42,0.0,0.0,0.0,0.0
5272,0.0,-2.443,354.41,0.0,0.0,0.0,0.0
5273,0.0,2.727,1188.08,0.0,0.0,0.0,0.0
5274,0.0,2.683,106.97,0.0,0.0,0.0,0.0
5275,0.0,0.842,132.84,0.0,0.0,0.0,0.0
5276,0.0,-0.591,612.41,0.0,0.0,0.0,0.0
5277,0.0,-2.206,420.77,0.0,0.0,0.0,0.0
5278,0.0,-1.38,185.11,0.0,0.0,0.0,0.0
5279,0.0,-2.165,347.26,0.0,0.0,0.0,0.0
5280,0.0,-0.399,220.72,0.0,0.0,0.0,0.0
5281,0.0,-0.833,3685.1,0.0,0.0,0.0,0.0
5282,0.0,1.55,130.87,0.0,0.0,0.0,0.0
5283,0.0,1.814,848.84,0.0,0.0,0.0,0.0
5284,0.0,2.518,291.67,0.0,0.0,0.0,0.0
5285,0.0,2.826,419.8,0.0,0.0,0.0,0.0
5286,0.0,2.417,421.99,0.0,0.0,0.0,0.0
5287,0.0,-2.986,447.18,0.0,0.0,0.0,0.0
5288,0.0,0.577,177.55,0.0,0.0,0.0,0.0
5289,0.0,0.239,59.54,0.0,0.0,0.0,0.0
5290,0.0,-1.798,1694.43,0.0,0.0,0.0,0.0
5291,0.0,0.785,1344.61,0.0,0.0,0.0,0.0
5292,0.0,-2.059,672.16,0.0,0.0,0.0,0.0
5293,0.0,1.005,31.61,0.0,0.0,0.0,0.0
5294,0.0,-0.241,111.83,0.0,0.0,0.0,0.0
5295,0.0,-1.2,800.07,0.0,0.0,0.0,0.0
5296,0.0,-2.272,521.1,0.0,0.0,0.0,0.0
5297,0.0,-2.069,866.91,0.0,0.0,0.0,0.0
5298,0.0,-0.733,2706.36,0.0,0.0,0.0,0.0
5299,0.0,2.55,33.4,0.0,0.0,0.0,0.0
5300,0.0,1.349,970.34,0.0,0.0,0.0,0.0
5301,0.0,2.591,334.71,0.0,0.0,0.0,0.0
5302,0.0,-1.366,161.65,0.0,0.0,0.0,0.0
5303,0.0,-0.994,676.72,0.0,0.0,0.0,0.0
5304,0.0,0.354,2660.15,0.0,0.0,0.0,0.0
5305,0.0,-0.916,69.6,0.0,0.0,0.0,0.0
5306,0.0,-2.184,2298.46,0.0,0.0,0.0,0.0
5307,0.0,0.854,195.3,0.0,0.0,0.0,0.0
5308,0.0,-2.013,130.71,0.0,0.0,0.0,0.0
5309,0.0,2.325,1176.51,0.0,0.0,0.0,0.0
5310,0.0,1.06,459.44,0.0,0.0,0.0,0.0
5311,0.0,0.564,254.24,0.0,0.0,0.0,0.0
5312,0.0,2.4,457.17,0.0,0.0,0.0,0.0
5313,0.0,0.181,121.11,0.0,0.0,0.0,0.0
5314,0.0,-1.597,273.23,0.0,0.0,0.0,0.0
5315,0.0,0.118,1626.23,0.0,0.0,0.0,0.0
5316,0.0,2.13,1266.47,0.0,0.0,0.0,0.0
5317,0.0,2.051,92.33,0.0,0.0,0.0,0.0
5318,0.0,1.015,227.63,0.0,0.0,0.0,0.0
5319,0.0,1.886,914.24,0.0,0.0,0.0,0.0
5320,0.0,1.578,765.24,0.0,0.0,0.0,0.0
5321,0.0,-0.847,225.87,0.0,0.0,0.0,0.0
5322,0.0,1.574,1068.52,0.0,0.0,0.0,0.0
5323,0.0,-0.988,329.4,0.0,0.0,0.0,0.0
5324,0.0,-0.091,823.64,0.0,0.0,0.0,0.0
5325,0.0,1.948,34.16,0.0,0.0,0.0,0.0
5326,0.0,-1.721,193.49,0.0,0.0,0.0,0.0
5327,0.0,-2.529,35.39,0.0,0.0,0.0,0.0
5328,0.0,2.171,140.32,0.0,0.0,0.0,0.0
5329,0.0,-0.782,89.54,0.0,0.0,0.0,0.0
5330,0.0,2.16,215.94,0.0,0.0,0.0,0.0
5331,0.0,-1.853,173.46,0.0,0.0,0.0,0.0
5332,0.0,2.151,1379.1,0.0,0.0,0.0,0.0
5333,0.0,-2.885,1086.2,0.0,0.0,0.0,0.0
5334,0.0,2.642,243.44,0.0,0.0,0.0,0.0
5335,0.0,-2.052,255.29,0.0,0.0,0.0,0.0
5336,0.0,-2.629,365.61,0.0,0.0,0.0,0.0
5337,0.0,2.934,212.35,0.0,0.0,0.0,0.0
5338,0.0,0.715,3054.5,0.0,0.0,0.0,0.0
5339,0.0,-2.039,1553.72,0.0,0.0,0.0,0.0
5340,0.0,-1.965,48.59,0.0,0.0,0.0,0.0
5341,0.0,2.439,466.35,0.0,0.0,0.0,0.0
5342,0.0,-0.209,372.95,0.0,0.0,0.0,0.0
5343,0.0,-3.113,185.3,0.0,0.0,0.0,0.0
5344,0.0,-2.008,588.91,0.0,0.0,0.0,0.0
5345,0.0,-0.29,230.36,0.0,0.0,0.0,0.0
5346,0.0,-1.035,178.2,0.0,0.0,0.0,0.0
5347,0.0,2.441,1054.34,0.0,0.0,0.0,0.0
5348,0.0,-1.916,234.15,0.0,0.0,0.0,0.0
5349,0.0,0.01,10.0,0.0,0.0,0.0,0.0
5350,0.0,-2.199,597.86,0.0,0.0,0.0,0.0
5351,0.0,-1.691,1998.64,0.0,0.0,0.0,0.0
5352,0.0,2.901,874.38,0.0,0.0,0.0,0.0
5353,0.0,0.647,1910.44,0.0,0.0,0.0,0.0
5354,0.0,-2.672,133.44,0.0,0.0,0.0,0.0
5355,0.0,0.732,242.29,0.0,0.0,0.0,0.0
5356,0.0,-1.439,140.5,0.0,0.0,0.0,0.0
5357,0.0,-1.435,333.74,0.0,0.0,0.0,0.0
5358,0.0,-0.378,251.17,0.0,0.0,0.0,0.0
5359,0.0,0.822,801.42,0.0,0.0,0.0,0.0
5360,0.0,-3.135,367.9,0.0,0.0,0.0,0.0
5361,0.0,-0.621,70.54,0.0,0.0,0.0,0.0
5362,0.0,1.149,23.06,0.0,0.0,0.0,0.0
5363,0.0,-2.284,159.51,0.0,0.0,0.0,0.0
5364,0.0,-1.382,464.04,0.0,0.0,0.0,0.0
5365,0.0,0.465,198.72,0.0,0.0,0.0,0.0
5366,0.0,1.432,194.08,0.0,0.0,0.0,0.0
5367,0.0,2.821,594.72,0.0,0.0,0.0,0.0
5368,0.0,-1.583,1642.59,0.0,0.0,0.0,0.0
5369,0.0,3.053,393.05,0.0,0.0,0.0,0.0
5370,0.0,-2.323,45.51,0.0,0.0,0.0,0.0
5371,0.0,-3.078,283.2,0.0,0.0,0.0,0.0
5372,0.0,-2.669,89.07,0.0,0.0,0.0,0.0
5373,0.0,-1.285,1604.62,0.0,0.0,0.0,0.0
5374,0.0,-0.895,364.2,0.0,0.0,0.0,0.0
5375,0.0,-0.799,563.41,0.0,0.0,0.0,0.0
5376,0.0,2.265,203.32,0.0,0.0,0.0,0.0
5377,0.0,1.068,229.46,0.0,0.0,0.0,0.0
5378,0.0,1.018,980.03,0.0,0.0,0.0,0.0
5379,0.0,-0.713,368.91,0.0,0.0,0.0,0.0
5380,0.0,0.57,378.53,0.0,0.0,0.0,0.0
5381,0.0,-1.69,1057.49,0.0,0.0,0.0,0.0
5382,0.0,-0.898,372.69,0.0,0.0,0.0,0.0
5383,0.0,2.808,700.83,0.0,0.0,0.0,0.0
5384,0.0,0.9,694.7,0.0,0.0,0.0,0.0
5385,0.0,-2.067,913.82,0.0,0.0,0.0,0.0
5386,0.0,0.651,440.08,0.0,0.0,0.0,0.0
5387,0.0,2.402,254.3,0.0,0.0,0.0,0.0
5388,0.0,-3.05,75.9,0.0,0.0,0.0,0.0
5389,0.0,0.218,817.49,0.0,0.0,0.0,0.0
5390,0.0,-0.7,82.3,0.0,0.0,0.0,0.0
5391,0.0,-1.259,1879.62,0.0,0.0,0.0,0.0
5392,0.0,1.363,1107.02,0.0,0.0,0.0,0.0
5393,0.0,-2.694,841.88,0.0,0.0,0.0,0.0
5394,0.0,0.532,2304.27,0.0,0.0,0.0,0.0
5395,0.0,-2.077,804.51,0.0,0.0,0.0,0.0
5396,0.0,-2.539,962.0,0.0,0.0,0.0,0.0
5397,0.0,1.262,401.46,0.0,0.0,0.0,0.0
5398,0.0,-0.334,1731.55,0.0,0.0,0.0,0.0
5399,0.0,-2.323,135.49,0.0,0.0,0.0,0.0
5400,0.0,-1.523,1828.26,0.0,0.0,0.0,0.0
5401,0.0,1.671,270.41,0.0,0.0,0.0,0.0
5402,0.0,-1.61,1277.1,0.0,0.0,0.0,0.0
5403,0.0,2.584,260.69,0.0,0.0,0.0,0.0
5404,0.0,2.298,285.54,0.0,0.0,0.0,0.0
5405,0.0,-0.861,275.75,0.0,0.0,0.0,0.0
5406,0.0,-2.255,137.86,0.0,0.0,0.0,0.0
5407,0.0,-0.527,253.3,0.0,0.0,0.0,0.0
5408,0.0,-3.084,211.06,0.0,0.0,0.0,0.0
5409,0.0,1.723,1882.48,0.0,0.0,0.0,0.0
5410,0.0,-0.353,366.47,0.0,0.0,0.0,0.0
5411,0.0,-1.431,127.59,0.0,0.0,0.0,0.0
5412,0.0,-2.353,912.73,0.0,0.0,0.0,0.0
5413,0.0,2.962,901.66,0.0,0.0,0.0,0.0
5414,0.0,2.577,745.53,0.0,0.0,0.0,0.0
5415,0.0,1.591,1124.12,0.0,0.0,0.0,0.0
5416,0.0,2.546,654.54,0.0,0.0,0.0,0.0
5417,0.0,2.298,153.91,0.0,0.0,0.0,0.0
5418,0.0,-2.397,703.92,0.0,0.0,0.0,0.0
5419,0.0,-0.443,339.07,0.0,0.0,0.0,0.0
5420,0.0,-2.017,1058.64,0.0,0.0,0.0,0.0
5421,0.0,-2.109,438.51,0.0,0.0,0.0,0.0
5422,0.0,-1.206,919.21,0.0,0.0,0.0,0.0
5423,0.0,2.424,1710.17,0.0,0.0,0.0,0.0
5424,0.0,-3.14,281.16,0.0,0.0,0.0,0.0
5425,0.0,1.47,280.34,0.0,0.0,0.0,0.0
5426,0.0,1.464,93.3,0.0,0.0,0.0,0.0
5427,0.0,-1.367,188.34,0.0,0.0,0.0,0.0
5428,0.0,1.421,213.34,0.0,0.0,0.0,0.0
5429,0.0,2.526,302.56,0.0,0.0,0.0,0.0
5430,0.0,3.109,536.99,0.0,0.0,0.0,0.0
5431,0.0,1.816,303.37,0.0,0.0,0.0,0.0
5432,0.0,0.218,49.96,0.0,0.0,0.0,0.0
5433,0.0,2.024,412.38,0.0,0.0,0.0,0.0
5434,0.0,0.645,975.17,0.0,0.0,0.0,0.0
5435,0.0,-0.194,125.64,0.0,0.0,0.0,0.0
5436,0.0,-1.669,133.21,0.0,0.0,0.0,0.0
5437,0.0,2.415,389.26,0.0,0.0,0.0,0.0
5438,0.0,-1.888,263.15,0.0,0.0,0.0,0.0
5439,0.0,2.877,117.89,0.0,0.0,0.0,0.0
5440,0.0,-3.075,842.3,0.0,0.0,0.0,0.0
5441,0.0,-2.821,497.43,0.0,0.0,0.0,0.0
5442,0.0,1.459,400.89,0.0,0.0,0.0,0.0
5443,0.0,-1.904,130.06,0.0,0.0,0.0,0.0
5444,0.0,1.543,887.48,0.0,0.0,0.0,0.0
5445,0.0,2.883,2872.69,0.0,0.0,0.0,0.0
5446,0.0,3.109,2337.95,0.0,0.0,0.0,0.0
5447,0.0,2.402,297.24,0.0,0.0,0.0,0.0
5448,0.0,3.119,81.89,0.0,0.0,0.0,0.0
5449,0.0,1.39,41.52,0.0,0.0,0.0,0.0
5450,0.0,-0.105,1215.78,0.0,0.0,0.0,0.0
5451,0.0,-0.055,732.67,0.0,0.0,0.0,0.0
5452,0.0,2.829,1163.66,0.0,0.0,0.0,0.0
5453,0.0,-1.997,169.94,0.0,0.0,0.0,0.0
5454,0.0,1.986,316.73,0.0,0.0,0.0,0.0
5455,0.0,-1.925,334.2,0.0,0.0,0.0,0.0
5456,0.0,-0.087,220.95,0.0,0.0,0.0,0.0
5457,0.0,1.418,1642.89,0.0,0.0,0.0,0.0
5458,0.0,2.838,1104.72,0.0,0.0,0.0,0.0
5459,0.0,0.522,81.98,0.0,0.0,0.0,0.0
5460,0.0,-0.4,1214.62,0.0,0.0,0.0,0.0
5461,0.0,-3.097,391.51,0.0,0.0,0.0,0.0
5462,0.0,-1.977,234.36,0.0,0.0,0.0,0.0
5463,0.0,-2.82,1161.0,0.0,0.0,0.0,0.0
5464,0.0,-2.092,53.94,0.0,0.0,0.0,0.0
5465,0.0,2.064,277.01,0.0,0.0,0.0,0.0
5466,0.0,-1.316,371.53,0.0,0.0,0.0,0.0
5467,0.0,2.14,750.48,0.0,0.0,0.0,0.0
5468,0.0,-1.238,834.33,0.0,0.0,0.0,0.0
5469,0.0,3.133,180.41,0.0,0.0,0.0,0.0
5470,0.0,0.685,363.15,0.0,0.0,0.0,0.0
5471,0.0,0.967,1821.05,0.0,0.0,0.0,0.0
5472,0.0,-2.827,61.7,0.0,0.0,0.0,0.0
5473,0.0,-1.712,640.41,0.0,0.0,0.0,0.0
5474,0.0,-3.122,194.53,0.0,0.0,0.0,0.0
5475,0.0,1.177,238.91,0.0,0.0,0.0,0.0
5476,0.0,0.666,737.67,0.0,0.0,0.0,0.0
5477,0.0,0.933,39.4,0.0,0.0,0.0,0.0
5478,0.0,0.29,335.69,0.0,0.0,0.0,0.0
5479,0.0,-2.767,169.53,0.0,0.0,0.0,0.0
5480,0.0,-2.972,245.43,0.0,0.0,0.0,0.0
5481,0.0,-2.379,180.89,0.0,0.0,0.0,0.0
5482,0.0,0.702,336.75,0.0,0.0,0.0,0.0
5483,0.0,-3.103,129.51,0.0,0.0,0.0,0.0
5484,0.0,-0.692,103.03,0.0,0.0,0.0,0.0
5485,0.0,2.875,110.68,0.0,0.0,0.0,0.0
5486,0.0,0.708,1919.14,0.0,0.0,0.0,0.0
5487,0.0,3.087,92.75,0.0,0.0,0.0,0.0
5488,0.0,-0.516,266.09,0.0,0.0,0.0,0.0
5489,0.0,-1.021,203.73,0.0,0.0,0.0,0.0
5490,0.0,-1.912,155.24,0.0,0.0,0.0,0.0
5491,0.0,0.398,864.19,0.0,0.0,0.0,0.0
5492,0.0,3.07,2424.29,0.0,0.0,0.0,0.0
5493,0.0,0.274,869.06,0.0,0.0,0.0,0.0
5494,0.0,-0.986,560.79,0.0,0.0,0.0,0.0
5495,0.0,-2.308,291.9,0.0,0.0,0.0,0.0
5496,0.0,2.919,40.46,0.0,0.0,0.0,0.0
5497,0.0,1.975,50.45,0.0,0.0,0.0,0.0
5498,0.0,-1.197,482.95,0.0,0.0,0.0,0.0
5499,0.0,0.065,1351.92,0.0,0.0,0.0,0.0
5500,0.0,-2.8,622.39,0.0,0.0,0.0,0.0
5501,0.0,-1.019,392.18,0.0,0.0,0.0,0.0
5502,0.0,0.691,948.15,0.0,0.0,0.0,0.0
5503,0.0,-1.974,531.31,0.0,0.0,0.0,0.0
5504,0.0,3.051,566.34,0.0,0.0,0.0,0.0
5505,0.0,1.864,236.62,0.0,0.0,0.0,0.0
5506,0.0,-1.111,1413.69,0.0,0.0,0.0,0.0
5507,0.0,-0.448,96.75,0.0,0.0,0.0,0.0
5508,0.0,1.036,724.28,0.0,0.0,0.0,0.0
5509,0.0,-0.158,263.71,0.0,0.0,0.0,0.0
5510,0.0,0.632,894.08,0.0,0.0,0.0,0.0
5511,0.0,1.74,164.92,0.0,0.0,0.0,0.0
5512,0.0,-0.038,364.46,0.0,0.0,0.0,0.0
5513,0.0,-0.848,244.99,0.0,0.0,0.0,0.0
5514,0.0,-0.388,117.49,0.0,0.0,0.0,0.0
5515,0.0,-1.2,104.42,0.0,0.0,0.0,0.0
5516,0.0,-3.113,503.16,0.0,0.0,0.0,0.0
5517,0.0,1.471,682.12,0.0,0.0,0.0,0.0
5518,0.0,-0.338,818.6,0.0,0.0,0.0,0.0
5519,0.0,1.935,216.62,0.0,0.0,0.0,0.0
5520,0.0,-1.596,232.34,0.0,0.0,0.0,0.0
5521,0.0,1.224,113.37,0.0,0.0,0.0,0.0
5522,0.0,-2.846,537.53,0.0,0.0,0.0,0.0
5523,0.0,0.203,92.33,0.0,0.0,0.0,0.0
5524,0.0,0.621,74.46,0.0,0.0,0.0,0.0
5525,0.0,-0.661,246.63,0.0,0.0,0.0,0.0
5526,0.0,-3.056,2007.1,0.0,0.0,0.0,0.0
5527,0.0,0.623,900.16,0.0,0.0,0.0,0.0
5528,0.0,2.608,423.48,0.0,0.0,0.0,0.0
5529,0.0,1.0,319.27,0.0,0.0,0.0,0.0
5530,0.0,-1.01,229.35,0.0,0.0,0.0,0.0
5531,0.0,-1.874,187.92,0.0,0.0,0.0,0.0
5532,0.0,-1.4,1458.87,0.0,0.0,0.0,0.0
5533,0.0,-1.402,621.04,0.0,0.0,0.0,0.0
5534,0.0,1.391,1646.04,0.0,0.0,0.0,0.0
5535,0.0,1.482,160.2,0.0,0.0,0.0,0.0
5536,0.0,2.149,212.32,0.0,0.0,0.0,0.0
5537,0.0,-2.953,287.06,0.0,0.0,0.0,0.0
5538,0.0,-0.065,308.44,0.0,0.0,0.0,0.0
5539,0.0,-2.943,215.21,0.0,0.0,0.0,0.0
5540,0.0,-2.107,258.92,0.0,0.0,0.0,0.0
5541,0.0,1.488,344.4,0.0,0.0,0.0,0.0
5542,0.0,1.516,752.74,0.0,0.0,0.0,0.0
5543,0.0,0.116,642.93,0.0,0.0,0.0,0.0
5544,0.0,1.712,184.61,0.0,0.0,0.0,0.0
5545,0.0,2.132,964.44,0.0,0.0,0.0,0.0
5546,0.0,-0.68,216.81,0.0,0.0,0.0,0.0
5547,0.0,3.04,278.8,0.0,0.0,0.0,0.0
5548,0.0,0.42,1360.47,0.0,0.0,0.0,0.0
5549,0.0,0.161,79.58,0.0,0.0,0.0,0.0
5550,0.0,2.223,693.12,0.0,0.0,0.0,0.0
5551,0.0,2.602,3361.08,0.0,0.0,0.0,0.0
5552,0.0,-0.01,243.4,0.0,0.0,0.0,0.0
5553,0.0,2.113,561.28,0.0,0.0,0.0,0.0
5554,0.0,-2.46,28.72,0.0,0.0,0.0,0.0
5555,0.0,2.606,517.33,0.0,0.0,0.0,0.0
5556,0.0,0.529,603.52,0.0,0.0,0.0,0.0
5557,0.0,-1.348,539.17,0.0,0.0,0.0,0.0
5558,0.0,2.055,139.29,0.0,0.0,0.0,0.0
5559,0.0,-1.699,176.85,0.0,0.0,0.0,0.0
5560,0.0,1.357,2252.62,0.0,0.0,0.0,0.0
5561,0.0,-2.965,227.11,0.0,0.0,0.0,0.0
5562,0.0,-0.329,503.01,0.0,0.0,0.0,0.0
5563,0.0,-2.454,305.16,0.0,0.0,0.0,0.0
5564,0.0,3.039,392.58,0.0,0.0,0.0,0.0
5565,0.0,-0.562,2426.78,0.0,0.0,0.0,0.0
5566,0.0,0.117,62.81,0.0,0.0,0.0,0.0
5567,0.0,3.0,1996.71,0.0,0.0,0.0,0.0
5568,0.0,0.489,572.09,0.0,0.0,0.0,0.0
5569,0.0,0.849,560.32,0.0,0.0,0.0,0.0
5570,0.0,0.243,229.98,0.0,0.0,0.0,0.0
5571,0.0,0.538,1138.4,0.0,0.0,0.0,0.0
5572,0.0,0.752,1965.4,0.0,0.0,0.0,0.0
5573,0.0,0.055,91.24,0.0,0.0,0.0,0.0
5574,0.0,-0.924,3474.31,0.0,0.0,0.0,0.0
5575,0.0,0.518,172.11,0.0,0.0,0.0,0.0
5576,0.0,-0.765,357.77,0.0,0.0,0.0,0.0
5577,0.0,-0.586,1161.53,0.0,0.0,0.0,0.0
5578,0.0,0.443,927.61,0.0,0.0,0.0,0.0
5579,0.0,2.89,218.2,0.0,0.0,0.0,0.0
5580,0.0,-0.889,384.45,0.0,0.0,0.0,0.0
5581,0.0,0.715,93.74,0.0,0.0,0.0,0.0
5582,0.0,-1.293,674.21,0.0,0.0,0.0,0.0
5583,0.0,-1.043,4522.82,0.0,0.0,0.0,0.0
5584,0.0,1.44,17.94,0.0,0.0,0.0,0.0
5585,0.0,-1.611,281.61,0.0,0.0,0.0,0.0
5586,0.0,1.48,973.03,0.0,0.0,0.0,0.0
5587,0.0,-3.138,859.74,0.0,0.0,0.0,0.0
5588,0.0,2.809,999.53,0.0,0.0,0.0,0.0
5589,0.0,-0.344,458.16,0.0,0.0,0.0,0.0
5590,0.0,-1.477,75.3,0.0,0.0,0.0,0.0
5591,0.0,-1.346,246.12,0.0,0.0,0.0,0.0
5592,0.0,-0.617,138.63,0.0,0.0,0.0,0.0
5593,0.0,-2.565,252.02,0.0,0.0,0.0,0.0
5594,0.0,2.028,329.69,0.0,0.0,0.0,0.0
5595,0.0,2.439,281.22,0.0,0.0,0.0,0.0
5596,0.0,-2.051,148.04,0.0,0.0,0.0,0.0
5597,0.0,-0.804,1571.5,0.0,0.0,0.0,0.0
5598,0.0,-0.434,1035.85,0.0,0.0,0.0,0.0
5599,0.0,1.804,249.74,0.0,0.0,0.0,0.0
5600,0.0,-3.111,685.24,0.0,0.0,0.0,0.0
5601,0.0,-1.982,1147.25,0.0,0.0,0.0,0.0
5602,0.0,-2.079,697.07,0.0,0.0,0.0,0.0
5603,0.0,-0.705,680.68,0.0,0.0,0.0,0.0
5604,0.0,2.349,227.56,0.0,0.0,0.0,0.0
5605,0.0,0.376,1932.97,0.0,0.0,0.0,0.0
5606,0.0,1.794,874.29,0.0,0.0,0.0,0.0
5607,0.0,-3.014,427.13,0.0,0.0,0.0,0.0
5608,0.0,0.534,907.16,0.0,0.0,0.0,0.0
5609,0.0,2.719,105.79,0.0,0.0,0.0,0.0
5610,0.0,3.123,470.93,0.0,0.0,0.0,0.0
5611,0.0,-0.582,186.62,0.0,0.0,0.0,0.0
5612,0.0,1.239,116.22,0.0,0.0,0.0,0.0
5613,0.0,0.239,944.34,0.0,0.0,0.0,0.0
5614,0.0,0.564,1646.15,0.0,0.0,0.0,0.0
5615,0.0,1.784,152.65,0.0,0.0,0.0,0.0
5616,0.0,-1.864,2583.87,0.0,0.0,0.0,0.0
5617,0.0,0.56,346.45,0.0,0.0,0.0,0.0
5618,0.0,-3.054,675.72,0.0,0.0,0.0,0.0
5619,0.0,-1.444,3067.67,0.0,0.0,0.0,0.0
5620,0.0,3.14,151.95,0.0,0.0,0.0,0.0
5621,0.0,-1.816,29.54,0.0,0.0,0.0,0.0
5622,0.0,1.987,1946.39,0.0,0.0,0.0,0.0
5623,0.0,1.731,309.5,0.0,0.0,0.0,0.0
5624,0.0,1.591,115.11,0.0,0.0,0.0,0.0
5625,0.0,-0.424,150.87,0.0,0.0,0.0,0.0
5626,0.0,0.278,786.14,0.0,0.0,0.0,0.0
5627,0.0,-1.833,450.45,0.0,0.0,0.0,0.0
5628,0.0,1.149,428.73,0.0,0.0,0.0,0.0
5629,0.0,2.368,94.17,0.0,0.0,0.0,0.0
5630,0.0,-3.055,1181.38,0.0,0.0,0.0,0.0
5631,0.0,-1.391,1441.55,0.0,0.0,0.0,0.0
5632,0.0,-0.884,189.78,0.0,0.0,0.0,0.0
5633,0.0,0.593,290.56,0.0,0.0,0.0,0.0
5634,0.0,-2.565,379.49,0.0,0.0,0.0,0.0
5635,0.0,-0.713,1698.2,0.0,0.0,0.0,0.0
5636,0.0,2.653,311.43,0.0,0.0,0.0,0.0
5637,0.0,1.577,306.05,0.0,0.0,0.0,0.0
5638,0.0,2.651,294.45,0.0,0.0,0.0,0.0
5639,0.0,0.417,689.87,0.0,0.0,0.0,0.0
5640,0.0,1.989,287.94,0.0,0.0,0.0,0.0
5641,0.0,-0.289,350.67,0.0,0.0,0.0,0.0
5642,0.0,0.295,743.9,0.0,0.0,0.0,0.0
5643,0.0,-1.95,89.55,0.0,0.0,0.0,0.0
5644,0.0,2.646,1344.34,0.0,0.0,0.0,0.0
5645,0.0,-2.215,102.62,0.0,0.0,0.0,0.0
5646,0.0,-1.341,584.02,0.0,0.0,0.0,0.0
5647,0.0,-0.772,246.76,0.0,0.0,0.0,0.0
5648,0.0,-2.983,78.99,0.0,0.0,0.0,0.0
5649,0.0,-2.118,177.09,0.0,0.0,0.0,0.0
5650,0.0,0.618,864.74,0.0,0.0,0.0,0.0
5651,0.0,0.733,484.75,0.0,0.0,0.0,0.0
5652,0.0,2.58,363.95,0.0,0.0,0.0,0.0
5653,0.0,2.374,2979.35,0.0,0.0,0.0,0.0
5654,0.0,-0.469,123.96,0.0,0.0,0.0,0.0
5655,0.0,1.154,114.45,0.0,0.0,0.0,0.0
5656,0.0,2.055,848.76,0.0,0.0,0.0,0.0
5657,0.0,-0.899,271.14,0.0,0.0,0.0,0.0
5658,0.0,-0.102,198.98,0.0,0.0,0.0,0.0
5659,0.0,-2.681,454.93,0.0,0.0,0.0,0.0
5660,0.0,1.346,742.4,0.0,0.0,0.0,0.0
5661,0.0,1.667,230.95,0.0,0.0,0.0,0.0
5662,0.0,1.066,281.0,0.0,0.0,0.0,0.0
5663,0.0,3.095,1928.55,0.0,0.0,0.0,0.0
5664,0.0,-0.466,125.97,0.0,0.0,0.0,0.0
5665,0.0,0.808,628.2,0.0,0.0,0.0,0.0
5666,0.0,-1.766,259.38,0.0,0.0,0.0,0.0
5667,0.0,0.007,1413.52,0.0,0.0,0.0,0.0
5668,0.0,-0.655,711.26,0.0,0.0,0.0,0.0
5669,0.0,-1.261,1985.57,0.0,0.0,0.0,0.0
5670,0.0,0.519,2046.84,0.0,0.0,0.0,0.0
5671,0.0,0.83,2100.83,0.0,0.0,0.0,0.0
5672,0.0,0.286,323.64,0.0,0.0,0.0,0.0
5673,0.0,-2.118,1026.3,0.0,0.0,0.0,0.0
5674,0.0,-2.129,102.45,0.0,0.0,0.0,0.0
5675,0.0,-0.953,87.57,0.0,0.0,0.0,0.0
5676,0.0,-3.017,2203.47,0.0,0.0,0.0,0.0
5677,0.0,-2.07,1355.57,0.0,0.0,0.0,0.0
5678,0.0,-2.895,864.68,0.0,0.0,0.0,0.0
5679,0.0,-2.233,525.22,0.0,0.0,0.0,0.0
5680,0.0,0.637,949.35,0.0,0.0,0.0,0.0
5681,0.0,0.454,1604.11,0.0,0.0,0.0,0.0
5682,0.0,1.322,1499.31,0.0,0.0,0.0,0.0
5683,0.0,-1.722,660.37,0.0,0.0,0.0,0.0
5684,0.0,2.28,143.11,0.0,0.0,0.0,0.0
5685,0.0,1.576,1004.97,0.0,0.0,0.0,0.0
5686,0.0,-0.253,1741.85,0.0,0.0,0.0,0.0
5687,0.0,2.021,136.58,0.0,0.0,0.0,0.0
5688,0.0,2.473,18.2,0.0,0.0,0.0,0.0
5689,0.0,-2.197,145.62,0.0,0.0,0.0,0.0
5690,0.0,-0.308,273.78,0.0,0.0,0.0,0.0
5691,0.0,2.468,1191.63,0.0,0.0,0.0,0.0
5692,0.0,2.789,426.08,0.0,0.0,0.0,0.0
5693,0.0,-1.399,2440.28,0.0,0.0,0.0,0.0
5694,0.0,1.877,754.09,0.0,0.0,0.0,0.0
5695,0.0,1.89,144.11,0.0,0.0,0.0,0.0
5696,0.0,0.352,85.19,0.0,0.0,0.0,0.0
5697,0.0,-1.106,416.08,0.0,0.0,0.0,0.0
5698,0.0,-1.439,1304.29,0.0,0.0,0.0,0.0
5699,0.0,-1.906,200.09,0.0,0.0,0.0,0.0
5700,0.0,-0.967,845.59,0.0,0.0,0.0,0.0
5701,0.0,0.674,824.05,0.0,0.0,0.0,0.0
5702,0.0,-2.268,1107.58,0.0,0.0,0.0,0.0
5703,0.0,-0.72,127.36,0.0,0.0,0.0,0.0
5704,0.0,-0.554,308.14,0.0,0.0,0.0,0.0
5705,0.0,-0.712,69.3,0.0,0.0,0.0,0.0
5706,0.0,0.855,573.58,0.0,0.0,0.0,0.0
5707,0.0,-0.925,912.72,0.0,0.0,0.0,0.0
5708,0.0,-2.271,353.32,0.0,0.0,0.0,0.0
5709,0.0,1.047,109.73,0.0,0.0,0.0,0.0
5710,0.0,-0.073,1638.09,0.0,0.0,0.0,0.0
5711,0.0,1.069,570.29,0.0,0.0,0.0,0.0
5712,0.0,-0.529,409.2,0.0,0.0,0.0,0.0
5713,0.0,-1.547,1001.99,0.0,0.0,0.0,0.0
5714,0.0,-1.235,716.38,0.0,0.0,0.0,0.0
5715,0.0,-2.962,1340.88,0.0,0.0,0.0,0.0
5716,0.0,0.146,262.18,0.0,0.0,0.0,0.0
5717,0.0,-2.711,89.04,0.0,0.0,0.0,0.0
5718,0.0,0.514,45.94,0.0,0.0,0.0,0.0
5719,0.0,-2.0,74.73,0.0,0.0,0.0,0.0
5720,0.0,1.514,77.13,0.0,0.0,0.0,0.0
5721,0.0,1.232,54.16,0.0,0.0,0.0,0.0
5722,0.0,0.869,165.44,0.0,0.0,0.0,0.0
5723,0.0,-0.428,1529.39,0.0,0.0,0.0,0.0
5724,0.0,-1.564,111.94,0.0,0.0,0.0,0.0
5725,0.0,-0.149,587.48,0.0,0.0,0.0,0.0
5726,0.0,1.037,137.05,0.0,0.0,0.0,0.0
5727,0.0,2.063,426.17,0.0,0.0,0.0,0.0
5728,0.0,2.873,242.33,0.0,0.0,0.0,0.0
5729,0.0,1.849,1402.11,0.0,0.0,0.0,0.0
5730,0.0,2.008,629.42,0.0,0.0,0.0,0.0
5731,0.0,-2.37,291.67,0.0,0.0,0.0,0.0
5732,0.0,-3.103,339.22,0.0,0.0,0.0,0.0
5733,0.0,1.37,299.52,0.0,0.0,0.0,0.0
5734,0.0,1.878,609.63,0.0,0.0,0.0,0.0
5735,0.0,-0.654,53.74,0.0,0.0,0.0,0.0
5736,0.0,-0.442,64.77,0.0,0.0,0.0,0.0
5737,0.0,-2.389,2345.66,0.0,0.0,0.0,0.0
5738,0.0,0.481,749.5,0.0,0.0,0.0,0.0
5739,0.0,0.682,204.27,0.0,0.0,0.0,0.0
5740,0.0,2.12,172.26,0.0,0.0,0.0,0.0
5741,0.0,-1.939,41.12,0.0,0.0,0.0,0.0
5742,0.0,-0.109,653.58,0.0,0.0,0.0,0.0
5743,0.0,0.12,94.08,0.0,0.0,0.0,0.0
5744,0.0,-1.013,381.67,0.0,0.0,0.0,0.0
5745,0.0,3.056,232.94,0.0,0.0,0.0,0.0
5746,0.0,-2.761,2095.09,0.0,0.0,0.0,0.0
5747,0.0,-2.471,738.59,0.0,0.0,0.0,0.0
5748,0.0,1.837,836.66,0.0,0.0,0.0,0.0
5749,0.0,-1.031,329.57,0.0,0.0,0.0,0.0
5750,0.0,-2.462,2457.82,0.0,0.0,0.0,0.0
5751,0.0,-2.297,1053.47,0.0,0.0,0.0,0.0
5752,0.0,0.352,955.86,0.0,0.0,0.0,0.0
5753,0.0,-1.256,31.75,0.0,0.0,0.0,0.0
5754,0.0,2.522,732.68,0.0,0.0,0.0,0.0
5755,0.0,2.213,117.21,0.0,0.0,0.0,0.0
5756,0.0,-2.55,647.05,0.0,0.0,0.0,0.0
5757,0.0,-0.696,160.23,0.0,0.0,0.0,0.0
5758,0.0,-1.373,43.08,0.0,0.0,0.0,0.0
5759,0.0,-1.413,95.39,0.0,0.0,0.0,0.0
5760,0.0,1.114,1070.2,0.0,0.0,0.0,0.0
5761,0.0,0.818,69.17,0.0,0.0,0.0,0.0
5762,0.0,0.798,170.97,0.0,0.0,0.0,0.0
5763,0.0,1.394,230.22,0.0,0.0,0.0,0.0
5764,0.0,0.606,558.18,0.0,0.0,0.0,0.0
5765,0.0,3.138,186.57,0.0,0.0,0.0,0.0
5766,0.0,2.826,583.38,0.0,0.0,0.0,0.0
5767,0.0,0.9,286.5,0.0,0.0,0.0,0.0
5768,0.0,2.92,358.05,0.0,0.0,0.0,0.0
5769,0.0,1.424,511.01,0.0,0.0,0.0,0.0
5770,0.0,-2.114,533.87,0.0,0.0,0.0,0.0
5771,0.0,-2.795,88.01,0.0,0.0,0.0,0.0
5772,0.0,1.322,222.74,0.0,0.0,0.0,0.0
5773,0.0,-2.36,894.93,0.0,0.0,0.0,0.0
5774,0.0,1.304,595.66,0.0,0.0,0.0,0.0
5775,0.0,2.92,2412.84,0.0,0.0,0.0,0.0
5776,0.0,-0.585,40.14,0.0,0.0,0.0,0.0
5777,0.0,0.076,679.78,0.0,0.0,0.0,0.0
5778,0.0,1.638,716.97,0.0,0.0,0.0,0.0
5779,0.0,-1.249,1069.52,0.0,0.0,0.0,0.0
5780,0.0,-2.262,967.62,0.0,0.0,0.0,0.0
5781,0.0,-1.135,582.42,0.0,0.0,0.0,0.0
5782,0.0,0.799,86.48,0.0,0.0,0.0,0.0
5783,0.0,-1.055,389.75,0.0,0.0,0.0,0.0
5784,0.0,-2.552,370.93,0.0,0.0,0.0,0.0
5785,0.0,1.768,372.26,0.0,0.0,0.0,0.0
5786,0.0,2.847,306.84,0.0,0.0,0.0,0.0
5787,0.0,0.319,216.2,0.0,0.0,0.0,0.0
5788,0.0,-2.386,1530.71,0.0,0.0,0.0,0.0
5789,0.0,-0.973,491.04,0.0,0.0,0.0,0.0
5790,0.0,-1.982,930.97,0.0,0.0,0.0,0.0
5791,0.0,-2.091,84.13,0.0,0.0,0.0,0.0
5792,0.0,-1.526,201.41,0.0,0.0,0.0,0.0
5793,0.0,-2.38,470.01,0.0,0.0,0.0,0.0
5794,0.0,0.812,29.51,0.0,0.0,0.0,0.0
5795,0.0,-1.291,2428.27,0.0,0.0,0.0,0.0
5796,0.0,-2.756,281.88,0.0,0.0,0.0,0.0
5797,0.0,0.793,118.69,0.0,0.0,0.0,0.0
5798,0.0,1.91,137.59,0.0,0.0,0.0,0.0
5799,0.0,3.068,180.42,0.0,0.0,0.0,0.0
5800,0.0,-0.7,324.07,0.0,0.0,0.0,0.0
5801,0.0,-1.478,1339.74,0.0,0.0,0.0,0.0
5802,0.0,-2.266,2114.79,0.0,0.0,0.0,0.0
5803,0.0,1.566,2029.58,0.0,0.0,0.0,0.0
5804,0.0,2.449,105.7,0.0,0.0,0.0,0.0
5805,0.0,-1.596,107.78,0.0,0.0,0.0,0.0
5806,0.0,1.071,66.59,0.0,0.0,0.0,0.0
5807,0.0,0.579,1482.04,0.0,0.0,0.0,0.0
5808,0.0,-0.099,412.36,0.0,0.0,0.0,0.0
5809,0.0,2.973,531.23,0.0,0.0,0.0,0.0
5810,0.0,1.319,150.51,0.0,0.0,0.0,0.0
5811,0.0,3.139,164.35,0.0,0.0,0.0,0.0
5812,0.0,-1.071,149.95,0.0,0.0,0.0,0.0
5813,0.0,2.196,1061.22,0.0,0.0,0.0,0.0
5814,0.0,2.108,170.49,0.0,0.0,0.0,0.0
5815,0.0,0.398,826.46,0.0,0.0,0.0,0.0
5816,0.0,0.826,145.21,0.0,0.0,0.0,0.0
5817,0.0,0.129,749.53,0.0,0.0,0.0,0.0
5818,0.0,1.295,178.23,0.0,0.0,0.0,0.0
5819,0.0,0.48,33.0,0.0,0.0,0.0,0.0
5820,0.0,0.308,40.8,0.0,0.0,0.0,0.0
5821,0.0,-0.716,3032.13,0.0,0.0,0.0,0.0
5822,0.0,0.863,348.2,0.0,0.0,0.0,0.0
5823,0.0,0.963,903.85,0.0,0.0,0.0,0.0
5824,0.0,-1.987,126.79,0.0,0.0,0.0,0.0
5825,0.0,-0.674,650.35,0.0,0.0,0.0,0.0
5826,0.0,-1.283,490.01,0.0,0.0,0.0,0.0
5827,0.0,2.257,53.07,0.0,0.0,0.0,0.0
5828,0.0,1.928,2413.25,0.0,0.0,0.0,0.0
5829,0.0,0.953,246.46,0.0,0.0,0.0,0.0
5830,0.0,2.255,535.04,0.0,0.0,0.0,0.0
5831,0.0,-0.085,243.41,0.0,0.0,0.0,0.0
5832,0.0,0.527,602.79,0.0,0.0,0.0,0.0
5833,0.0,-2.348,113.13,0.0,0.0,0.0,0.0
5834,0.0,-1.911,1750.95,0.0,0.0,0.0,0.0
5835,0.0,-0.253,1778.35,0.0,0.0,0.0,0.0
5836,0.0,-2.406,134.38,0.0,0.0,0.0,0.0
5837,0.0,2.874,653.02,0.0,0.0,0.0,0.0
5838,0.0,1.028,476.82,0.0,0.0,0.0,0.0
5839,0.0,-3.074,1791.79,0.0,0.0,0.0,0.0
5840,0.0,-0.556,254.58,0.0,0.0,0.0,0.0
5841,0.0,-0.13,260.77,0.0,0.0,0.0,0.0
5842,0.0,1.459,778.44,0.0,0.0,0.0,0.0
5843,0.0,-2.836,426.45,0.0,0.0,0.0,0.0
5844,0.0,0.335,428.26,0.0,0.0,0.0,0.0
5845,0.0,-2.178,858.52,0.0,0.0,0.0,0.0
5846,0.0,2.928,200.98,0.0,0.0,0.0,0.0
5847,0.0,0.696,886.29,0.0,0.0,0.0,0.0
5848,0.0,-0.345,1617.24,0.0,0.0,0.0,0.0
5849,0.0,1.804,71.17,0.0,0.0,0.0,0.0
5850,0.0,0.451,308.41,0.0,0.0,0.0,0.0
5851,0.0,1.713,82.6,0.0,0.0,0.0,0.0
5852,0.0,2.423,196.45,0.0,0.0,0.0,0.0
5853,0.0,0.073,401.49,0.0,0.0,0.0,0.0
5854,0.0,-2.708,175.4,0.0,0.0,0.0,0.0
5855,0.0,-1.617,167.13,0.0,0.0,0.0,0.0
5856,0.0,-2.289,1438.83,0.0,0.0,0.0,0.0
5857,0.0,-2.765,1557.46,0.0,0.0,0.0,0.0
5858,0.0,-0.848,72.18,0.0,0.0,0.0,0.0
5859,0.0,-2.381,379.7,0.0,0.0,0.0,0.0
5860,0.0,0.609,232.35,0.0,0.0,0.0,0.0
5861,0.0,2.32,225.36,0.0,0.0,0.0,0.0
5862,0.0,2.465,1622.85,0.0,0.0,0.0,0.0
5863,0.0,1.046,151.85,0.0,0.0,0.0,0.0
5864,0.0,0.79,787.23,0.0,0.0,0.0,0.0
5865,0.0,0.01,237.62,0.0,0.0,0.0,0.0
5866,0.0,1.487,660.12,0.0,0.0,0.0,0.0
5867,0.0,2.106,233.8,0.0,0.0,0.0,0.0
5868,0.0,1.125,2697.26,0.0,0.0,0.0,0.0
5869,0.0,0.447,311.76,0.0,0.0,0.0,0.0
5870,0.0,3.121,607.66,0.0,0.0,0.0,0.0
5871,0.0,1.845,55.74,0.0,0.0,0.0,0.0
5872,0.0,-3.091,3089.7,0.0,0.0,0.0,0.0
5873,0.0,-1.175,194.93,0.0,0.0,0.0,0.0
5874,0.0,-0.116,389.69,0.0,0.0,0.0,0.0
5875,0.0,2.369,2728.03,0.0,0.0,0.0,0.0
5876,0.0,0.089,1639.22,0.0,0.0,0.0,0.0
5877,0.0,-0.878,318.6,0.0,0.0,0.0,0.0
5878,0.0,0.116,121.46,0.0,0.0,0.0,0.0
5879,0.0,1.218,390.64,0.0,0.0,0.0,0.0
5880,0.0,-1.397,1348.71,0.0,0.0,0.0,0.0
5881,0.0,-2.915,1700.79,0.0,0.0,0.0,0.0
5882,0.0,-2.582,1808.65,0.0,0.0,0.0,0.0
5883,0.0,0.903,186.72,0.0,0.0,0.0,0.0
5884,0.0,-1.2,1178.83,0.0,0.0,0.0,0.0
5885,0.0,2.334,156.62,0.0,0.0,0.0,0.0
5886,0.0,0.383,102.41,0.0,0.0,0.0,0.0
5887,0.0,-2.451,1066.84,0.0,0.0,0.0,0.0
5888,0.0,-2.122,253.29,0.0,0.0,0.0,0.0
5889,0.0,-2.78,1152.86,0.0,0.0,0.0,0.0
5890,0.0,-0.264,621.76,0.0,0.0,0.0,0.0
5891,0.0,-2.41,361.82,0.0,0.0,0.0,0.0
5892,0.0,1.077,140.92,0.0,0.0,0.0,0.0
5893,0.0,-1.732,1722.16,0.0,0.0,0.0,0.0
5894,0.0,1.473,217.2,0.0,0.0,0.0,0.0
5895,0.0,-0.037,159.6,0.0,0.0,0.0,0.0
5896,0.0,2.949,863.17,0.0,0.0,0.0,0.0
5897,0.0,2.701,313.46,0.0,0.0,0.0,0.0
5898,0.0,2.294,322.63,0.0,0.0,0.0,0.0
5899,0.0,1.723,162.5,0.0,0.0,0.0,0.0
5900,0.0,-0.169,77.46,0.0,0.0,0.0,0.0
5901,0.0,1.593,104.66,0.0,0.0,0.0,0.0
5902,0.0,2.731,102.31,0.0,0.0,0.0,0.0
5903,0.0,-1.383,233.25,0.0,0.0,0.0,0.0
5904,0.0,0.595,469.29,0.0,0.0,0.0,0.0
5905,0.0,-2.931,1248.67,0.0,0.0,0.0,0.0
5906,0.0,-0.024,506.44,0.0,0.0,0.0,0.0
5907,0.0,2.65,364.14,0.0,0.0,0.0,0.0
5908,0.0,-1.118,2082.19,0.0,0.0,0.0,0.0
5909,0.0,-2.142,1006.13,0.0,0.0,0.0,0.0
5910,0.0,2.266,905.37,0.0,0.0,0.0,0.0
5911,0.0,-2.135,480.17,0.0,0.0,0.0,0.0
5912,0.0,-1.344,104.66,0.0,0.0,0.0,0.0
5913,0.0,-2.932,128.12,0.0,0.0,0.0,0.0
5914,0.0,1.381,225.5,0.0,0.0,0.0,0.0
5915,0.0,-0.198,212.0,0.0,0.0,0.0,0.0
5916,0.0,0.174,555.33,0.0,0.0,0.0,0.0
5917,0.0,2.411,297.52,0.0,0.0,0.0,0.0
5918,0.0,0.976,3023.8,0.0,0.0,0.0,0.0
5919,0.0,-0.417,1124.71,0.0,0.0,0.0,0.0
5920,0.0,-1.024,904.58,0.0,0.0,0.0,0.0
5921,0.0,-2.024,73.64,0.0,0.0,0.0,0.0
5922,0.0,-2.901,124.49,0.0,0.0,0.0,0.0
5923,0.0,-2.591,455.44,0.0,0.0,0.0,0.0
5924,0.0,-2.06,1020.38,0.0,0.0,0.0,0.0
5925,0.0,1.199,153.71,0.0,0.0,0.0,0.0
5926,0.0,0.232,169.44,0.0,0.0,0.0,0.0
5927,0.0,-2.907,78.83,0.0,0.0,0.0,0.0
5928,0.0,2.516,560.45,0.0,0.0,0.0,0.0
5929,0.0,-1.589,213.93,0.0,0.0,0.0,0.0
5930,0.0,-2.906,973.97,0.0,0.0,0.0,0.0
5931,0.0,1.801,3633.34,0.0,0.0,0.0,0.0
5932,0.0,1.781,115.9,0.0,0.0,0.0,0.0
5933,0.0,-2.356,302.75,0.0,0.0,0.0,0.0
5934,0.0,-0.753,564.64,0.0,0.0,0.0,0.0
5935,0.0,-1.833,681.17,0.0,0.0,0.0,0.0
5936,0.0,0.758,420.87,0.0,0.0,0.0,0.0
5937,0.0,0.837,91.6,0.0,0.0,0.0,0.0
5938,0.0,-2.809,2060.51,0.0,0.0,0.0,0.0
5939,0.0,-2.996,184.2,0.0,0.0,0.0,0.0
5940,0.0,2.859,81.78,0.0,0.0,0.0,0.0
5941,0.0,0.42,71.28,0.0,0.0,0.0,0.0
5942,0.0,0.186,132.94,0.0,0.0,0.0,0.0
5943,0.0,1.734,889.31,0.0,0.0,0.0,0.0
5944,0.0,-2.285,1605.13,0.0,0.0,0.0,0.0
5945,0.0,-0.975,637.12,0.0,0.0,0.0,0.0
5946,0.0,-0.189,126.65,0.0,0.0,0.0,0.0
5947,0.0,1.237,235.18,0.0,0.0,0.0,0.0
5948,0.0,-2.714,2452.79,0.0,0.0,0.0,0.0
5949,0.0,-3.086,1114.77,0.0,0.0,0.0,0.0
5950,0.0,-2.621,1872.05,0.0,0.0,0.0,0.0
5951,0.0,1.787,83.17,0.0,0.0,0.0,0.0
5952,0.0,-1.179,1280.0,0.0,0.0,0.0,0.0
5953,0.0,-3.064,3386.49,0.0,0.0,0.0,0.0
5954,0.0,0.798,222.72,0.0,0.0,0.0,0.0
5955,0.0,-2.78,33.74,0.0,0.0,0.0,0.0
5956,0.0,1.939,1506.19,0.0,0.0,0.0,0.0
5957,0.0,-1.123,1009.93,0.0,0.0,0.0,0.0
5958,0.0,-0.701,910.05,0.0,0.0,0.0,0.0
5959,0.0,2.366,247.19,0.0,0.0,0.0,0.0
5960,0.0,1.152,547.52,0.0,0.0,0.0,0.0
5961,0.0,-2.046,1590.55,0.0,0.0,0.0,0.0
5962,0.0,1.668,121.36,0.0,0.0,0.0,0.0
5963,0.0,0.1,1155.98,0.0,0.0,0.0,0.0
5964,0.0,1.447,1020.64,0.0,0.0,0.0,0.0
5965,0.0,2.406,837.8,0.0,0.0,0.0,0.0
5966,0.0,-1.316,1424.55,0.0,0.0,0.0,0.0
5967,0.0,1.185,607.57,0.0,0.0,0.0,0.0
5968,0.0,1.75,368.6,0.0,0.0,0.0,0.0
5969,0.0,2.85,951.79,0.0,0.0,0.0,0.0
5970,0.0,-0.093,618.28,0.0,0.0,0.0,0.0
5971,0.0,-1.742,295.83,0.0,0.0,0.0,0.0
5972,0.0,2.269,119.24,0.0,0.0,0.0,0.0
5973,0.0,-0.01,126.46,0.0,0.0,0.0,0.0
5974,0.0,1.587,2288.08,0.0,0.0,0.0,0.0
5975,0.0,2.538,185.07,0.0,0.0,0.0,0.0
5976,0.0,-0.875,891.44,0.0,0.0,0.0,0.0
5977,0.0,-1.591,215.6,0.0,0.0,0.0,0.0
5978,0.0,-2.132,377.2,0.0,0.0,0.0,0.0
5979,0.0,-0.269,2960.86,0.0,0.0,0.0,0.0
5980,0.0,0.237,139.79,0.0,0.0,0.0,0.0
5981,0.0,1.454,75.26,0.0,0.0,0.0,0.0
5982,0.0,-1.303,1197.26,0.0,0.0,0.0,0.0
5983,0.0,-1.036,1853.8,0.0,0.0,0.0,0.0
5984,0.0,0.814,2664.09,0.0,0.0,0.0,0.0
5985,0.0,1.086,164.13,0.0,0.0,0.0,0.0
5986,0.0,-0.999,866.66,0.0,0.0,0.0,0.0
5987,0.0,-1.37,3474.06,0.0,0.0,0.0,0.0
5988,0.0,-2.522,599.75,0.0,0.0,0.0,0.0
5989,0.0,2.371,159.89,0.0,0.0,0.0,0.0
5990,0.0,2.962,732.37,0.0,0.0,0.0,0.0
5991,0.0,0.202,383.4,0.0,0.0,0.0,0.0
5992,0.0,-0.607,2514.24,0.0,0.0,0.0,0.0
5993,0.0,-2.292,655.26,0.0,0.0,0.0,0.0
5994,0.0,-2.042,2266.37,0.0,0.0,0.0,0.0
5995,0.0,0.915,455.11,0.0,0.0,0.0,0.0
5996,0.0,1.318,44.08,0.0,0.0,0.0,0.0
5997,0.0,-0.865,131.7,0.0,0.0,0.0,0.0
5998,0.0,0.855,486.12,0.0,0.0,0.0,0.0
5999,0.0,2.936,507.13,0.0,0.0,0.0,0.0
6000,0.0,1.06,1633.08,0.0,0.0,0.0,0.0
6001,0.0,-2.565,63.25,0.0,0.0,0.0,0.0
6002,0.0,-1.47,760.58,0.0,0.0,0.0,0.0
6003,0.0,-1.513,155.27,0.0,0.0,0.0,0.0
6004,0.0,-0.898,168.37,0.0,0.0,0.0,0.0
6005,0.0,0.601,297.11,0.0,0.0,0.0,0.0
6006,0.0,-0.444,239.82,0.0,0.0,0.0,0.0
6007,0.0,-1.389,142.16,0.0,0.0,0.0,0.0
6008,0.0,2.625,401.47,0.0,0.0,0.0,0.0
6009,0.0,0.338,369.55,0.0,0.0,0.0,0.0
6010,0.0,-1.664,100.08,0.0,0.0,0.0,0.0
6011,0.0,-3.095,124.36,0.0,0.0,0.0,0.0
6012,0.0,-2.973,118.46,0.0,0.0,0.0,0.0
6013,0.0,-0.08,251.0,0.0,0.0,0.0,0.0
6014,0.0,2.753,3690.6,0.0,0.0,0.0,0.0
6015,0.0,-3.004,1889.18,0.0,0.0,0.0,0.0
6016,0.0,-0.573,2296.03,0.0,0.0,0.0,0.0
6017,0.0,3.045,251.52,0.0,0.0,0.0,0.0
6018,0.0,-1.711,111.3,0.0,0.0,0.0,0.0
6019,0.0,-2.542,126.28,0.0,0.0,0.0,0.0
6020,0.0,3.044,1715.83,0.0,0.0,0.0,0.0
6021,0.0,-2.992,281.27,0.0,0.0,0.0,0.0
6022,0.0,1.653,124.37,0.0,0.0,0.0,0.0
6023,0.0,-2.789,397.44,0.0,0.0,0.0,0.0
6024,0.0,-0.069,458.72,0.0,0.0,0.0,0.0
6025,0.0,2.121,367.04,0.0,0.0,0.0,0.0
6026,0.0,-1.886,691.83,0.0,0.0,0.0,0.0
6027,0.0,3.081,2242.65,0.0,0.0,0.0,0.0
6028,0.0,-1.848,1142.29,0.0,0.0,0.0,0.0
6029,0.0,-1.011,236.45,0.0,0.0,0.0,0.0
6030,0.0,-2.929,69.76,0.0,0.0,0.0,0.0
6031,0.0,2.174,272.54,0.0,0.0,0.0,0.0
6032,0.0,-1.565,56.32,0.0,0.0,0.0,0.0
6033,0.0,1.755,814.08,0.0,0.0,0.0,0.0
6034,0.0,2.984,597.15,0.0,0.0,0.0,0.0
6035,0.0,0.203,143.16,0.0,0.0,0.0,0.0
6036,0.0,-0.204,1935.93,0.0,0.0,0.0,0.0
6037,0.0,1.019,1061.9,0.0,0.0,0.0,0.0
6038,0.0,1.199,2376.04,0.0,0.0,0.0,0.0
6039,0.0,-0.842,364.8,0.0,0.0,0.0,0.0
6040,0.0,-2.756,118.34,0.0,0.0,0.0,0.0
6041,0.0,1.695,534.54,0.0,0.0,0.0,0.0
6042,0.0,0.306,7.12,0.0,0.0,0.0,0.0
6043,0.0,-0.069,168.27,0.0,0.0,0.0,0.0
6044,0.0,0.168,78.34,0.0,0.0,0.0,0.0
6045,0.0,-0.211,13.07,0.0,0.0,0.0,0.0
6046,0.0,-2.15,203.4,0.0,0.0,0.0,0.0
6047,0.0,-2.5,416.2,0.0,0.0,0.0,0.0
6048,0.0,0.41,203.69,0.0,0.0,0.0,0.0
6049,0.0,0.262,2231.22,0.0,0.0,0.0,0.0
6050,0.0,3.075,185.67,0.0,0.0,0.0,0.0
6051,0.0,-1.777,685.5,0.0,0.0,0.0,0.0
6052,0.0,0.141,1038.17,0.0,0.0,0.0,0.0
6053,0.0,0.069,351.69,0.0,0.0,0.0,0.0
6054,0.0,-2.518,551.54,0.0,0.0,0.0,0.0
6055,0.0,-2.183,22.03,0.0,0.0,0.0,0.0
6056,0.0,1.177,317.57,0.0,0.0,0.0,0.0
6057,0.0,0.146,572.5,0.0,0.0,0.0,0.0
6058,0.0,2.265,56.04,0.0,0.0,0.0,0.0
6059,0.0,1.233,441.13,0.0,0.0,0.0,0.0
6060,0.0,-1.466,88.66,0.0,0.0,0.0,0.0
6061,0.0,-0.052,798.51,0.0,0.0,0.0,0.0
6062,0.0,-1.569,988.09,0.0,0.0,0.0,0.0
6063,0.0,-1.783,67.1,0.0,0.0,0.0,0.0
6064,0.0,-2.823,2129.93,0.0,0.0,0.0,0.0
6065,0.0,2.096,98.62,0.0,0.0,0.0,0.0
6066,0.0,-0.748,365.17,0.0,0.0,0.0,0.0
6067,0.0,2.498,261.08,0.0,0.0,0.0,0.0
6068,0.0,-2.102,47.9,0.0,0.0,0.0,0.0
6069,0.0,0.074,32.58,0.0,0.0,0.0,0.0
6070,0.0,0.704,1175.23,0.0,0.0,0.0,0.0
6071,0.0,-1.036,101.25,0.0,0.0,0.0,0.0
6072,0.0,-0.899,77.82,0.0,0.0,0.0,0.0
6073,0.0,1.775,418.64,0.0,0.0,0.0,0.0
6074,0.0,-1.785,1409.59,0.0,0.0,0.0,0.0
6075,0.0,2.447,411.56,0.0,0.0,0.0,0.0
6076,0.0,-0.486,714.31,0.0,0.0,0.0,0.0
6077,0.0,-1.467,9.97,0.0,0.0,0.0,0.0
6078,0.0,-1.446,896.18,0.0,0.0,0.0,0.0
6079,0.0,1.515,1055.3,0.0,0.0,0.0,0.0
6080,0.0,2.163,233.9,0.0,0.0,0.0,0.0
6081,0.0,-0.254,204.2,0.0,0.0,0.0,0.0
6082,0.0,2.383,154.46,0.0,0.0,0.0,0.0
6083,0.0,0.65,309.36,0.0,0.0,0.0,0.0
6084,0.0,-2.116,690.77,0.0,0.0,0.0,0.0
6085,0.0,-0.206,65.62,0.0,0.0,0.0,0.0
6086,0.0,1.738,686.16,0.0,0.0,0.0,0.0
6087,0.0,0.629,365.9,0.0,0.0,0.0,0.0
6088,0.0,1.822,243.55,0.0,0.0,0.0,0.0
6089,0.0,-2.344,62.27,0.0,0.0,0.0,0.0
6090,0.0,3.052,57.37,0.0,0.0,0.0,0.0
6091,0.0,-0.402,169.02,0.0,0.0,0.0,0.0
6092,0.0,-0.536,417.77,0.0,0.0,0.0,0.0
6093,0.0,-1.517,991.76,0.0,0.0,0.0,0.0
6094,0.0,0.588,238.29,0.0,0.0,0.0,0.0
6095,0.0,-0.519,929.55,0.0,0.0,0.0,0.0
6096,0.0,-0.122,1324.22,0.0,0.0,0.0,0.0
6097,0.0,3.122,1548.46,0.0,0.0,0.0,0.0
6098,0.0,-2.574,761.2,0.0,0.0,0.0,0.0
6099,0.0,2.978,1434.13,0.0,0.0,0.0,0.0
6100,0.0,-3.01,1506.22,0.0,0.0,0.0,0.0
6101,0.0,1.786,502.75,0.0,0.0,0.0,0.0
6102,0.0,2.626,3028.67,0.0,0.0,0.0,0.0
6103,0.0,1.329,462.35,0.0,0.0,0.0,0.0
6104,0.0,1.441,2631.58,0.0,0.0,0.0,0.0
6105,0.0,-1.198,157.11,0.0,0.0,0.0,0.0
6106,0.0,-0.079,2526.82,0.0,0.0,0.0,0.0
6107,0.0,-2.915,1668.56,0.0,0.0,0.0,0.0
6108,0.0,2.044,376.14,0.0,0.0,0.0,0.0
6109,0.0,2.151,443.13,0.0,0.0,0.0,0.0
6110,0.0,2.325,664.77,0.0,0.0,0.0,0.0
6111,0.0,1.059,116.81,0.0,0.0,0.0,0.0
6112,0.0,1.767,630.02,0.0,0.0,0.0,0.0
6113,0.0,-2.969,213.7,0.0,0.0,0.0,0.0
6114,0.0,2.658,167.08,0.0,0.0,0.0,0.0
6115,0.0,1.099,361.75,0.0,0.0,0.0,0.0
6116,0.0,-2.206,974.25,0.0,0.0,0.0,0.0
6117,0.0,-2.842,495.21,0.0,0.0,0.0,0.0
6118,0.0,2.252,63.08,0.0,0.0,0.0,0.0
6119,0.0,-2.43,595.47,0.0,0.0,0.0,0.0
6120,0.0,-0.929,360.79,0.0,0.0,0.0,0.0
6121,0.0,1.372,196.9,0.0,0.0,0.0,0.0
6122,0.0,1.782,1109.33,0.0,0.0,0.0,0.0
6123,0.0,-1.238,157.51,0.0,0.0,0.0,0.0
6124,0.0,-0.884,468.48,0.0,0.0,0.0,0.0
6125,0.0,-1.229,362.74,0.0,0.0,0.0,0.0
6126,0.0,-1.965,125.1,0.0,0.0,0.0,0.0
6127,0.0,2.187,402.61,0.0,0.0,0.0,0.0
6128,0.0,-0.465,228.69,0.0,0.0,0.0,0.0
6129,0.0,1.96,383.86,0.0,0.0,0.0,0.0
6130,0.0,1.317,740.67,0.0,0.0,0.0,0.0
6131,0.0,-0.792,1389.39,0.0,0.0,0.0,0.0
6132,0.0,2.661,145.67,0.0,0.0,0.0,0.0
6133,0.0,-2.657,384.56,0.0,0.0,0.0,0.0
6134,0.0,1.745,160.76,0.0,0.0,0.0,0.0
6135,0.0,1.776,757.65,0.0,0.0,0.0,0.0
6136,0.0,-1.432,59.43,0.0,0.0,0.0,0.0
6137,0.0,0.776,295.31,0.0,0.0,0.0,0.0
6138,0.0,2.376,529.02,0.0,0.0,0.0,0.0
6139,0.0,0.305,152.53,0.0,0.0,0.0,0.0
6140,0.0,-2.07,877.87,0.0,0.0,0.0,0.0
6141,0.0,-2.693,48.96,0.0,0.0,0.0,0.0
6142,0.0,-1.024,250.67,0.0,0.0,0.0,0.0
6143,0.0,-2.078,537.18,0.0,0.0,0.0,0.0
6144,0.0,0.056,194.08,0.0,0.0,0.0,0.0
6145,0.0,2.499,66.69,0.0,0.0,0.0,0.0
6146,0.0,-1.521,180.62,0.0,0.0,0.0,0.0
6147,0.0,-2.945,251.38,0.0,0.0,0.0,0.0
6148,0.0,1.166,94.21,0.0,0.0,0.0,0.0
6149,0.0,-2.82,51.31,0.0,0.0,0.0,0.0
6150,0.0,-2.794,2238.57,0.0,0.0,0.0,0.0
6151,0.0,1.224,219.55,0.0,0.0,0.0,0.0
6152,0.0,0.782,2295.72,0.0,0.0,0.0,0.0
6153,0.0,0.014,36.27,0.0,0.0,0.0,0.0
6154,0.0,1.017,402.8,0.0,0.0,0.0,0.0
6155,0.0,0.483,206.09,0.0,0.0,0.0,0.0
6156,0.0,0.641,198.51,0.0,0.0,0.0,0.0
6157,0.0,0.354,249.64,0.0,0.0,0.0,0.0
6158,0.0,0.723,32.08,0.0,0.0,0.0,0.0
6159,0.0,0.648,785.76,0.0,0.0,0.0,0.0
6160,0.0,-0.096,401.25,0.0,0.0,0.0,0.0
6161,0.0,-0.512,176.12,0.0,0.0,0.0,0.0
6162,0.0,-1.796,652.03,0.0,0.0,0.0,0.0
6163,0.0,-1.02,2746.11,0.0,0.0,0.0,0.0
6164,0.0,2.109,197.0,0.0,0.0,0.0,0.0
6165,0.0,2.484,187.99,0.0,0.0,0.0,0.0
6166,0.0,1.663,443.65,0.0,0.0,0.0,0.0
6167,0.0,1.824,628.62,0.0,0.0,0.0,0.0
6168,0.0,-1.228,54.7,0.0,0.0,0.0,0.0
6169,0.0,1.881,470.55,0.0,0.0,0.0,0.0
6170,0.0,0.105,642.22,0.0,0.0,0.0,0.0
6171,0.0,2.534,348.56,0.0,0.0,0.0,0.0
6172,0.0,3.02,2618.64,0.0,0.0,0.0,0.0
6173,0.0,1.239,264.0,0.0,0.0,0.0,0.0
6174,0.0,-2.011,2328.26,0.0,0.0,0.0,0.0
6175,0.0,-2.394,1871.52,0.0,0.0,0.0,0.0
6176,0.0,-1.526,412.23,0.0,0.0,0.0,0.0
6177,0.0,0.548,886.42,0.0,0.0,0.0,0.0
6178,0.0,-0.551,95.88,0.0,0.0,0.0,0.0
6179,0.0,1.611,206.09,0.0,0.0,0.0,0.0
6180,0.0,-0.956,724.56,0.0,0.0,0.0,0.0
6181,0.0,1.885,289.8,0.0,0.0,0.0,0.0
6182,0.0,-0.026,533.34,0.0,0.0,0.0,0.0
6183,0.0,2.818,251.87,0.0,0.0,0.0,0.0
6184,0.0,2.313,262.14,0.0,0.0,0.0,0.0
6185,0.0,-3.112,103.78,0.0,0.0,0.0,0.0
6186,0.0,1.997,543.71,0.0,0.0,0.0,0.0
6187,0.0,-1.662,464.19,0.0,0.0,0.0,0.0
6188,0.0,-2.484,1217.72,0.0,0.0,0.0,0.0
6189,0.0,-1.852,314.39,0.0,0.0,0.0,0.0
6190,0.0,0.518,403.29,0.0,0.0,0.0,0.0
6191,0.0,-0.014,702.34,0.0,0.0,0.0,0.0
6192,0.0,1.848,120.9,0.0,0.0,0.0,0.0
6193,0.0,-2.84,158.52,0.0,0.0,0.0,0.0
6194,0.0,0.576,852.89,0.0,0.0,0.0,0.0
6195,0.0,0.745,141.58,0.0,0.0,0.0,0.0
6196,0.0,2.273,48.8,0.0,0.0,0.0,0.0
6197,0.0,-2.766,194.04,0.0,0.0,0.0,0.0
6198,0.0,2.478,532.27,0.0,0.0,0.0,0.0
6199,0.0,-2.799,304.22,0.0,0.0,0.0,0.0
6200,0.0,-1.197,2858.74,0.0,0.0,0.0,0.0
6201,0.0,-2.542,280.15,0.0,0.0,0.0,0.0
6202,0.0,2.259,145.73,0.0,0.0,0.0,0.0
6203,0.0,0.957,294.47,0.0,0.0,0.0,0.0
6204,0.0,-2.443,234.89,0.0,0.0,0.0,0.0
6205,0.0,0.965,77.12,0.0,0.0,0.0,0.0
6206,0.0,-0.099,157.23,0.0,0.0,0.0,0.0
6207,0.0,-2.583,1262.81,0.0,0.0,0.0,0.0
6208,0.0,-1.357,2.06,0.0,0.0,0.0,0.0
6209,0.0,-2.192,1331.23,0.0,0.0,0.0,0.0
6210,0.0,-2.06,192.01,0.0,0.0,0.0,0.0
6211,0.0,-0.003,608.05,0.0,0.0,0.0,0.0
6212,0.0,1.563,464.52,0.0,0.0,0.0,0.0
6213,0.0,0.676,978.63,0.0,0.0,0.0,0.0
6214,0.0,-2.404,181.07,0.0,0.0,0.0,0.0
6215,0.0,-0.765,222.23,0.0,0.0,0.0,0.0
6216,0.0,3.119,122.75,0.0,0.0,0.0,0.0
6217,0.0,1.634,555.23,0.0,0.0,0.0,0.0
6218,0.0,3.045,3639.5,0.0,0.0,0.0,0.0
6219,0.0,0.254,153.08,0.0,0.0,0.0,0.0
6220,0.0,-2.224,300.89,0.0,0.0,0.0,0.0
6221,0.0,0.05,467.13,0.0,0.0,0.0,0.0
6222,0.0,0.719,243.1,0.0,0.0,0.0,0.0
6223,0.0,-0.888,1592.99,0.0,0.0,0.0,0.0
6224,0.0,2.882,1114.42,0.0,0.0,0.0,0.0
6225,0.0,2.09,315.6,0.0,0.0,0.0,0.0
6226,0.0,-0.209,63.24,0.0,0.0,0.0,0.0
6227,0.0,0.871,670.12,0.0,0.0,0.0,0.0
6228,0.0,0.698,748.15,0.0,0.0,0.0,0.0
6229,0.0,-1.25,226.65,0.0,0.0,0.0,0.0
6230,0.0,-0.21,1946.21,0.0,0.0,0.0,0.0
6231,0.0,0.025,251.43,0.0,0.0,0.0,0.0
6232,0.0,-1.633,105.61,0.0,0.0,0.0,0.0
6233,0.0,1.576,596.37,0.0,0.0,0.0,0.0
6234,0.0,1.48,2740.66,0.0,0.0,0.0,0.0
6235,0.0,2.213,451.97,0.0,0.0,0.0,0.0
6236,0.0,1.531,140.36,0.0,0.0,0.0,0.0
6237,0.0,0.275,316.51,0.0,0.0,0.0,0.0
6238,0.0,-0.359,21.25,0.0,0.0,0.0,0.0
6239,0.0,-0.671,935.42,0.0,0.0,0.0,0.0
6240,0.0,-2.084,1323.42,0.0,0.0,0.0,0.0
6241,0.0,-0.825,446.29,0.0,0.0,0.0,0.0
6242,0.0,-0.535,1988.01,0.0,0.0,0.0,0.0
6243,0.0,3.13,429.0,0.0,0.0,0.0,0.0
6244,0.0,-0.569,700.18,0.0,0.0,0.0,0.0
6245,0.0,-2.888,41.22,0.0,0.0,0.0,0.0
6246,0.0,-1.912,1249.77,0.0,0.0,0.0,0.0
6247,0.0,-0.794,1208.21,0.0,0.0,0.0,0.0
6248,0.0,0.931,130.99,0.0,0.0,0.0,0.0
6249,0.0,1.394,429.43,0.0,0.0,0.0,0.0
6250,0.0,-0.828,260.56,0.0,0.0,0.0,0.0
6251,0.0,-2.659,181.66,0.0,0.0,0.0,0.0
6252,0.0,-1.018,107.15,0.0,0.0,0.0,0.0
6253,0.0,-1.028,1024.6,0.0,0.0,0.0,0.0
6254,0.0,1.6,1162.75,0.0,0.0,0.0,0.0
6255,0.0,2.758,59.21,0.0,0.0,0.0,0.0
6256,0.0,3.032,1196.25,0.0,0.0,0.0,0.0
6257,0.0,2.272,119.2,0.0,0.0,0.0,0.0
6258,0.0,-0.837,228.68,0.0,0.0,0.0,0.0
6259,0.0,1.877,605.99,0.0,0.0,0.0,0.0
6260,0.0,-1.993,226.19,0.0,0.0,0.0,0.0
6261,0.0,1.821,416.03,0.0,0.0,0.0,0.0
6262,0.0,-1.06,260.79,0.0,0.0,0.0,0.0
6263,0.0,-1.58,834.59,0.0,0.0,0.0,0.0
6264,0.0,-1.014,210.56,0.0,0.0,0.0,0.0
6265,0.0,-1.983,229.0,0.0,0.0,0.0,0.0
6266,0.0,2.483,309.19,0.0,0.0,0.0,0.0
6267,0.0,2.651,112.19,0.0,0.0,0.0,0.0
6268,0.0,3.087,456.29,0.0,0.0,0.0,0.0
6269,0.0,2.108,7.35,0.0,0.0,0.0,0.0
6270,0.0,0.17,204.07,0.0,0.0,0.0,0.0
6271,0.0,-1.536,611.19,0.0,0.0,0.0,0.0
6272,0.0,1.457,736.39,0.0,0.0,0.0,0.0
6273,0.0,-0.205,346.22,0.0,0.0,0.0,0.0
6274,0.0,-1.33,1582.55,0.0,0.0,0.0,0.0
6275,0.0,1.241,2338.49,0.0,0.0,0.0,0.0
6276,0.0,-1.29,407.05,0.0,0.0,0.0,0.0
6277,0.0,1.846,320.02,0.0,0.0,0.0,0.0
6278,0.0,-0.903,652.15,0.0,0.0,0.0,0.0
6279,0.0,-1.479,506.11,0.0,0.0,0.0,0.0
6280,0.0,-2.747,1622.26,0.0,0.0,0.0,0.0
6281,0.0,-1.912,2897.82,0.0,0.0,0.0,0.0
6282,0.0,-0.08,541.3,0.0,0.0,0.0,0.0
6283,0.0,-1.234,254.89,0.0,0.0,0.0,0.0
6284,0.0,-0.118,603.08,0.0,0.0,0.0,0.0
6285,0.0,2.362,491.85,0.0,0.0,0.0,0.0
6286,0.0,2.036,114.05,0.0,0.0,0.0,0.0
6287,0.0,-2.838,597.39,0.0,0.0,0.0,0.0
6288,0.0,2.755,1843.49,0.0,0.0,0.0,0.0
6289,0.0,3.019,287.2,0.0,0.0,0.0,0.0
6290,0.0,-0.239,2623.29,0.0,0.0,0.0,0.0
6291,0.0,2.262,2675.37,0.0,0.0,0.0,0.0
6292,0.0,0.726,146.35,0.0,0.0,0.0,0.0
6293,0.0,2.444,1942.22,0.0,0.0,0.0,0.0
6294,0.0,-2.344,325.67,0.0,0.0,0.0,0.0
6295,0.0,-0.789,197.83,0.0,0.0,0.0,0.0
6296,0.0,-2.925,344.13,0.0,0.0,0.0,0.0
6297,0.0,-2.841,1446.5,0.0,0.0,0.0,0.0
6298,0.0,-1.385,102.99,0.0,0.0,0.0,0.0
6299,0.0,1.867,576.05,0.0,0.0,0.0,0.0
6300,0.0,-1.286,677.24,0.0,0.0,0.0,0.0
6301,0.0,2.72,1083.51,0.0,0.0,0.0,0.0
6302,0.0,2.305,1155.27,0.0,0.0,0.0,0.0
6303,0.0,1.099,605.14,0.0,0.0,0.0,0.0
6304,0.0,-2.069,654.68,0.0,0.0,0.0,0.0
6305,0.0,2.287,866.32,0.0,0.0,0.0,0.0
6306,0.0,-1.294,688.66,0.0,0.0,0.0,0.0
6307,0.0,-1.322,2098.45,0.0,0.0,0.0,0.0
6308,0.0,0.647,641.48,0.0,0.0,0.0,0.0
6309,0.0,-1.21,142.8,0.0,0.0,0.0,0.0
6310,0.0,1.281,345.32,0.0,0.0,0.0,0.0
6311,0.0,0.408,1210.7,0.0,0.0,0.0,0.0
6312,0.0,-0.305,198.46,0.0,0.0,0.0,0.0
6313,0.0,-2.386,240.45,0.0,0.0,0.0,0.0
6314,0.0,0.253,34.06,0.0,0.0,0.0,0.0
6315,0.0,0.082,70.47,0.0,0.0,0.0,0.0
6316,0.0,-2.698,563.25,0.0,0.0,0.0,0.0
6317,0.0,2.779,221.88,0.0,0.0,0.0,0.0
6318,0.0,2.506,121.71,0.0,0.0,0.0,0.0
6319,0.0,2.504,696.27,0.0,0.0,0.0,0.0
6320,0.0,3.029,383.91,0.0,0.0,0.0,0.0
6321,0.0,-0.792,47.43,0.0,0.0,0.0,0.0
6322,0.0,-1.172,260.22,0.0,0.0,0.0,0.0
6323,0.0,3.11,465.81,0.0,0.0,0.0,0.0
6324,0.0,0.52,199.51,0.0,0.0,0.0,0.0
6325,0.0,2.104,122.95,0.0,0.0,0.0,0.0
6326,0.0,-0.65,1143.99,0.0,0.0,0.0,0.0
6327,0.0,2.506,615.61,0.0,0.0,0.0,0.0
6328,0.0,-1.32,638.07,0.0,0.0,0.0,0.0
6329,0.0,2.282,74.82,0.0,0.0,0.0,0.0
6330,0.0,2.52,410.86,0.0,0.0,0.0,0.0
6331,0.0,-2.39,807.71,0.0,0.0,0.0,0.0
6332,0.0,-0.835,308.89,0.0,0.0,0.0,0.0
6333,0.0,2.207,1854.1,0.0,0.0,0.0,0.0
6334,0.0,-1.594,260.48,0.0,0.0,0.0,0.0
6335,0.0,-2.091,540.77,0.0,0.0,0.0,0.0
6336,0.0,-2.827,1107.55,0.0,0.0,0.0,0.0
6337,0.0,1.712,293.05,0.0,0.0,0.0,0.0
6338,0.0,1.261,134.62,0.0,0.0,0.0,0.0
6339,0.0,-0.596,106.88,0.0,0.0,0.0,0.0
6340,0.0,-0.217,86.34,0.0,0.0,0.0,0.0
6341,0.0,2.336,423.1,0.0,0.0,0.0,0.0
6342,0.0,-2.048,252.01,0.0,0.0,0.0,0.0
6343,0.0,-1.013,1817.37,0.0,0.0,0.0,0.0
6344,0.0,0.702,313.72,0.0,0.0,0.0,0.0
6345,0.0,1.924,292.84,0.0,0.0,0.0,0.0
6346,0.0,-0.765,120.31,0.0,0.0,0.0,0.0
6347,0.0,-1.911,161.88,0.0,0.0,0.0,0.0
6348,0.0,1.781,445.74,0.0,0.0,0.0,0.0
6349,0.0,-1.569,1237.89,0.0,0.0,0.0,0.0
6350,0.0,-0.415,879.1,0.0,0.0,0.0,0.0
6351,0.0,-2.732,140.96,0.0,0.0,0.0,0.0
6352,0.0,0.446,2684.49,0.0,0.0,0.0,0.0
6353,0.0,2.968,52.39,0.0,0.0,0.0,0.0
6354,0.0,0.503,147.41,0.0,0.0,0.0,0.0
6355,0.0,0.405,1807.74,0.0,0.0,0.0,0.0
6356,0.0,-1.912,2306.29,0.0,0.0,0.0,0.0
6357,0.0,-2.989,110.59,0.0,0.0,0.0,0.0
6358,0.0,-1.779,128.98,0.0,0.0,0.0,0.0
6359,0.0,2.786,212.41,0.0,0.0,0.0,0.0
6360,0.0,2.539,184.74,0.0,0.0,0.0,0.0
6361,0.0,2.178,502.38,0.0,0.0,0.0,0.0
6362,0.0,-1.542,359.54,0.0,0.0,0.0,0.0
6363,0.0,1.224,1292.1,0.0,0.0,0.0,0.0
6364,0.0,-0.656,496.72,0.0,0.0,0.0,0.0
6365,0.0,1.732,192.88,0.0,0.0,0.0,0.0
6366,0.0,1.027,905.13,0.0,0.0,0.0,0.0
6367,0.0,2.967,96.7,0.0,0.0,0.0,0.0
6368,0.0,0.125,259.25,0.0,0.0,0.0,0.0
6369,0.0,1.345,1085.65,0.0,0.0,0.0,0.0
6370,0.0,-0.321,411.02,0.0,0.0,0.0,0.0
6371,0.0,-1.063,598.72,0.0,0.0,0.0,0.0
6372,0.0,-2.013,64.14,0.0,0.0,0.0,0.0
6373,0.0,2.16,621.63,0.0,0.0,0.0,0.0
6374,0.0,-0.815,380.16,0.0,0.0,0.0,0.0
6375,0.0,-2.741,247.55,0.0,0.0,0.0,0.0
6376,0.0,-0.479,1003.31,0.0,0.0,0.0,0.0
6377,0.0,-0.142,270.17,0.0,0.0,0.0,0.0
6378,0.0,0.279,1135.49,0.0,0.0,0.0,0.0
6379,0.0,2.498,173.97,0.0,0.0,0.0,0.0
6380,0.0,-2.821,616.23,0.0,0.0,0.0,0.0
6381,0.0,1.915,791.96,0.0,0.0,0.0,0.0
6382,0.0,-1.409,128.23,0.0,0.0,0.0,0.0
6383,0.0,2.006,320.21,0.0,0.0,0.0,0.0
6384,0.0,1.924,237.23,0.0,0.0,0.0,0.0
6385,0.0,-0.678,510.75,0.0,0.0,0.0,0.0
6386,0.0,-0.284,1221.86,0.0,0.0,0.0,0.0
6387,0.0,1.003,1265.51,0.0,0.0,0.0,0.0
6388,0.0,1.777,277.86,0.0,0.0,0.0,0.0
6389,0.0,-1.47,72.17,0.0,0.0,0.0,0.0
6390,0.0,-2.035,779.61,0.0,0.0,0.0,0.0
6391,0.0,-2.118,1128.3,0.0,0.0,0.0,0.0
6392,0.0,-1.336,2584.58,0.0,0.0,0.0,0.0
6393,0.0,-0.105,61.03,0.0,0.0,0.0,0.0
6394,0.0,2.049,1721.64,0.0,0.0,0.0,0.0
6395,0.0,2.618,686.03,0.0,0.0,0.0,0.0
6396,0.0,2.703,183.69,0.0,0.0,0.0,0.0
6397,0.0,-0.439,384.98,0.0,0.0,0.0,0.0
6398,0.0,0.175,218.56,0.0,0.0,0.0,0.0
6399,0.0,1.136,83.02,0.0,0.0,0.0,0.0
6400,0.0,-2.346,1461.74,0.0,0.0,0.0,0.0
6401,0.0,-1.078,262.68,0.0,0.0,0.0,0.0
6402,0.0,-2.512,719.48,0.0,0.0,0.0,0.0
6403,0.0,-1.369,154.64,0.0,0.0,0.0,0.0
6404,0.0,-1.735,81.99,0.0,0.0,0.0,0.0
6405,0.0,-1.384,611.1,0.0,0.0,0.0,0.0
6406,0.0,-1.482,281.89,0.0,0.0,0.0,0.0
6407,0.0,0.784,396.79,0.0,0.0,0.0,0.0
6408,0.0,1.123,1034.86,0.0,0.0,0.0,0.0
6409,0.0,1.189,122.94,0.0,0.0,0.0,0.0
6410,0.0,-0.563,199.85,0.0,0.0,0.0,0.0
6411,0.0,1.809,884.22,0.0,0.0,0.0,0.0
6412,0.0,-1.517,2300.92,0.0,0.0,0.0,0.0
6413,0.0,-0.278,478.44,0.0,0.0,0.0,0.0
6414,0.0,-2.344,280.68,0.0,0.0,0.0,0.0
6415,0.0,-1.396,1297.99,0.0,0.0,0.0,0.0
6416,0.0,1.826,594.76,0.0,0.0,0.0,0.0
6417,0.0,-1.892,935.04,0.0,0.0,0.0,0.0
6418,0.0,-2.585,577.07,0.0,0.0,0.0,0.0
6419,0.0,-0.609,1120.58,0.0,0.0,0.0,0.0
6420,0.0,-0.355,745.52,0.0,0.0,0.0,0.0
6421,0.0,-1.259,47.6,0.0,0.0,0.0,0.0
6422,0.0,-1.723,288.01,0.0,0.0,0.0,0.0
6423,0.0,2.578,1054.67,0.0,0.0,0.0,0.0
6424,0.0,1.607,60.17,0.0,0.0,0.0,0.0
6425,0.0,-2.118,370.86,0.0,0.0,0.0,0.0
6426,0.0,0.401,123.23,0.0,0.0,0.0,0.0
6427,0.0,1.008,823.76,0.0,0.0,0.0,0.0
6428,0.0,-3.077,799.42,0.0,0.0,0.0,0.0
6429,0.0,1.139,533.6,0.0,0.0,0.0,0.0
6430,0.0,0.763,3335.21,0.0,0.0,0.0,0.0
6431,0.0,-0.667,288.82,0.0,0.0,0.0,0.0
6432,0.0,-0.632,586.47,0.0,0.0,0.0,0.0
6433,0.0,1.725,480.32,0.0,0.0,0.0,0.0
6434,0.0,-2.578,530.09,0.0,0.0,0.0,0.0
6435,0.0,-0.591,923.28,0.0,0.0,0.0,0.0
6436,0.0,3.047,1350.73,0.0,0.0,0.0,0.0
6437,0.0,-1.986,787.24,0.0,0.0,0.0,0.0
6438,0.0,1.234,340.13,0.0,0.0,0.0,0.0
6439,0.0,0.132,537.32,0.0,0.0,0.0,0.0
6440,0.0,2.906,333.05,0.0,0.0,0.0,0.0
6441,0.0,0.516,2741.14,0.0,0.0,0.0,0.0
6442,0.0,1.007,160.99,0.0,0.0,0.0,0.0
6443,0.0,-2.871,180.04,0.0,0.0,0.0,0.0
6444,0.0,0.343,560.13,0.0,0.0,0.0,0.0
6445,0.0,1.05,300.09,0.0,0.0,0.0,0.0
6446,0.0,0.379,922.68,0.0,0.0,0.0,0.0
6447,0.0,-2.378,341.49,0.0,0.0,0.0,0.0
6448,0.0,-0.623,85.22,0.0,0.0,0.0,0.0
6449,0.0,-2.006,148.08,0.0,0.0,0.0,0.0
6450,0.0,1.437,136.31,0.0,0.0,0.0,0.0
6451,0.0,-2.633,349.24,0.0,0.0,0.0,0.0
6452,0.0,-0.953,187.15,0.0,0.0,0.0,0.0
6453,0.0,-2.239,43.01,0.0,0.0,0.0,0.0
6454,0.0,-2.046,1093.34,0.0,0.0,0.0,0.0
6455,0.0,-0.654,194.62,0.0,0.0,0.0,0.0
6456,0.0,-2.05,321.11,0.0,0.0,0.0,0.0
6457,0.0,-2.428,775.55,0.0,0.0,0.0,0.0
6458,0.0,-1.977,107.04,0.0,0.0,0.0,0.0
6459,0.0,-0.482,321.89,0.0,0.0,0.0,0.0
6460,0.0,2.732,1459.42,0.0,0.0,0.0,0.0
6461,0.0,-2.502,406.79,0.0,0.0,0.0,0.0
6462,0.0,-1.596,1203.75,0.0,0.0,0.0,0.0
6463,0.0,-0.386,3090.45,0.0,0.0,0.0,0.0
6464,0.0,0.741,3562.79,0.0,0.0,0.0,0.0
6465,0.0,1.215,288.34,0.0,0.0,0.0,0.0
6466,0.0,0.015,186.67,0.0,0.0,0.0,0.0
6467,0.0,0.861,329.64,0.0,0.0,0.0,0.0
6468,0.0,-0.911,283.47,0.0,0.0,0.0,0.0
6469,0.0,0.477,16.99,0.0,0.0,0.0,0.0
6470,0.0,3.107,153.77,0.0,0.0,0.0,0.0
6471,0.0,-2.921,403.95,0.0,0.0,0.0,0.0
6472,0.0,0.268,232.16,0.0,0.0,0.0,0.0
6473,0.0,-2.628,1995.16,0.0,0.0,0.0,0.0
6474,0.0,-1.89,688.62,0.0,0.0,0.0,0.0
6475,0.0,-0.84,298.93,0.0,0.0,0.0,0.0
6476,0.0,-1.209,101.16,0.0,0.0,0.0,0.0
6477,0.0,-0.649,618.58,0.0,0.0,0.0,0.0
6478,0.0,2.723,94.29,0.0,0.0,0.0,0.0
6479,0.0,2.529,67.55,0.0,0.0,0.0,0.0
6480,0.0,-0.735,221.71,0.0,0.0,0.0,0.0
6481,0.0,0.998,2591.01,0.0,0.0,0.0,0.0
6482,0.0,-1.553,133.13,0.0,0.0,0.0,0.0
6483,0.0,-1.133,240.32,0.0,0.0,0.0,0.0
6484,0.0,-0.123,61.93,0.0,0.0,0.0,0.0
6485,0.0,2.609,528.12,0.0,0.0,0.0,0.0
6486,0.0,0.173,175.77,0.0,0.0,0.0,0.0
6487,0.0,2.292,435.52,0.0,0.0,0.0,0.0
6488,0.0,0.482,109.42,0.0,0.0,0.0,0.0
6489,0.0,2.043,345.04,0.0,0.0,0.0,0.0
6490,0.0,-0.222,1050.85,0.0,0.0,0.0,0.0
6491,0.0,-0.355,810.3,0.0,0.0,0.0,0.0
6492,0.0,-1.449,278.01,0.0,0.0,0.0,0.0
6493,0.0,0.301,796.45,0.0,0.0,0.0,0.0
6494,0.0,0.304,1070.28,0.0,0.0,0.0,0.0
6495,0.0,-2.786,1677.99,0.0,0.0,0.0,0.0
6496,0.0,-2.492,611.5,0.0,0.0,0.0,0.0
6497,0.0,1.015,296.99,0.0,0.0,0.0,0.0
6498,0.0,-3.089,333.97,0.0,0.0,0.0,0.0
6499,0.0,2.876,151.42,0.0,0.0,0.0,0.0
6500,0.0,-3.059,31.17,0.0,0.0,0.0,0.0
6501,0.0,-3.072,220.17,0.0,0.0,0.0,0.0
6502,0.0,-0.687,958.22,0.0,0.0,0.0,0.0
6503,0.0,2.384,221.38,0.0,0.0,0.0,0.0
6504,0.0,1.662,492.88,0.0,0.0,0.0,0.0
6505,0.0,-0.389,320.28,0.0,0.0,0.0,0.0
6506,0.0,1.284,719.49,0.0,0.0,0.0,0.0
6507,0.0,1.864,887.83,0.0,0.0,0.0,0.0
6508,0.0,-1.083,164.19,0.0,0.0,0.0,0.0
6509,0.0,-0.781,413.39,0.0,0.0,0.0,0.0
6510,0.0,2.098,178.76,0.0,0.0,0.0,0.0
6511,0.0,-2.742,192.57,0.0,0.0,0.0,0.0
6512,0.0,-3.096,261.31,0.0,0.0,0.0,0.0
6513,0.0,0.775,290.35,0.0,0.0,0.0,0.0
6514,0.0,0.443,1027.93,0.0,0.0,0.0,0.0
6515,0.0,1.366,42.34,0.0,0.0,0.0,0.0
6516,0.0,1.047,1095.94,0.0,0.0,0.0,0.0
6517,0.0,-0.654,27.95,0.0,0.0,0.0,0.0
6518,0.0,2.225,1734.57,0.0,0.0,0.0,0.0
6519,0.0,0.782,2997.45,0.0,0.0,0.0,0.0
6520,0.0,-1.432,361.44,0.0,0.0,0.0,0.0
6521,0.0,1.827,104.75,0.0,0.0,0.0,0.0
6522,0.0,2.876,437.71,0.0,0.0,0.0,0.0
6523,0.0,2.505,141.36,0.0,0.0,0.0,0.0
6524,0.0,-1.885,2110.14,0.0,0.0,0.0,0.0
6525,0.0,-2.096,285.38,0.0,0.0,0.0,0.0
6526,0.0,-0.158,1809.26,0.0,0.0,0.0,0.0
6527,0.0,-2.966,406.34,0.0,0.0,0.0,0.0
6528,0.0,-3.055,124.99,0.0,0.0,0.0,0.0
6529,0.0,-1.704,266.93,0.0,0.0,0.0,0.0
6530,0.0,-1.232,494.77,0.0,0.0,0.0,0.0
6531,0.0,-1.901,270.56,0.0,0.0,0.0,0.0
6532,0.0,0.197,326.09,0.0,0.0,0.0,0.0
6533,0.0,1.345,367.38,0.0,0.0,0.0,0.0
6534,0.0,2.138,248.44,0.0,0.0,0.0,0.0
6535,0.0,-2.634,148.75,0.0,0.0,0.0,0.0
6536,0.0,2.028,1037.17,0.0,0.0,0.0,0.0
6537,0.0,0.637,1587.05,0.0,0.0,0.0,0.0
6538,0.0,-2.72,67.81,0.0,0.0,0.0,0.0
6539,0.0,-2.406,301.44,0.0,0.0,0.0,0.0
6540,0.0,0.203,139.41,0.0,0.0,0.0,0.0
6541,0.0,-0.774,91.96,0.0,0.0,0.0,0.0
6542,0.0,1.407,212.56,0.0,0.0,0.0,0.0
6543,0.0,-1.105,165.55,0.0,0.0,0.0,0.0
6544,0.0,0.262,61.3,0.0,0.0,0.0,0.0
6545,0.0,-1.802,1429.79,0.0,0.0,0.0,0.0
6546,0.0,2.409,146.4,0.0,0.0,0.0,0.0
6547,0.0,1.63,516.92,0.0,0.0,0.0,0.0
6548,0.0,-2.67,121.03,0.0,0.0,0.0,0.0
6549,0.0,2.201,373.13,0.0,0.0,0.0,0.0
6550,0.0,-0.928,258.08,0.0,0.0,0.0,0.0
6551,0.0,3.05,1251.7,0.0,0.0,0.0,0.0
6552,0.0,-2.298,442.69,0.0,0.0,0.0,0.0
6553,0.0,2.044,202.9,0.0,0.0,0.0,0.0
6554,0.0,-1.74,123.99,0.0,0.0,0.0,0.0
6555,0.0,-1.698,883.99,0.0,0.0,0.0,0.0
6556,0.0,-2.857,77.1,0.0,0.0,0.0,0.0
6557,0.0,1.332,722.68,0.0,0.0,0.0,0.0
6558,0.0,-2.252,267.05,0.0,0.0,0.0,0.0
6559,0.0,-0.714,313.04,0.0,0.0,0.0,0.0
6560,0.0,1.549,2291.85,0.0,0.0,0.0,0.0
6561,0.0,-2.364,743.02,0.0,0.0,0.0,0.0
6562,0.0,-1.448,445.23,0.0,0.0,0.0,0.0
6563,0.0,-1.874,370.13,0.0,0.0,0.0,0.0
6564,0.0,-2.407,520.37,0.0,0.0,0.0,0.0
6565,0.0,0.902,201.68,0.0,0.0,0.0,0.0
6566,0.0,0.694,1028.05,0.0,0.0,0.0,0.0
6567,0.0,1.397,250.37,0.0,0.0,0.0,0.0
6568,0.0,-1.604,325.92,0.0,0.0,0.0,0.0
6569,0.0,1.175,3088.56,0.0,0.0,0.0,0.0
6570,0.0,-3.011,341.89,0.0,0.0,0.0,0.0
6571,0.0,-1.703,176.92,0.0,0.0,0.0,0.0
6572,0.0,1.217,89.14,0.0,0.0,0.0,0.0
6573,0.0,-0.668,2097.64,0.0,0.0,0.0,0.0
6574,0.0,-1.879,762.51,0.0,0.0,0.0,0.0
6575,0.0,-2.855,188.25,0.0,0.0,0.0,0.0
6576,0.0,2.328,105.98,0.0,0.0,0.0,0.0
6577,0.0,-2.432,64.9,0.0,0.0,0.0,0.0
6578,0.0,2.925,586.76,0.0,0.0,0.0,0.0
6579,0.0,1.905,1515.82,0.0,0.0,0.0,0.0
6580,0.0,1.612,535.49,0.0,0.0,0.0,0.0
6581,0.0,-0.324,536.35,0.0,0.0,0.0,0.0
6582,0.0,-0.464,266.85,0.0,0.0,0.0,0.0
6583,0.0,-1.017,386.19,0.0,0.0,0.0,0.0
6584,0.0,0.296,371.36,0.0,0.0,0.0,0.0
6585,0.0,-0.531,580.61,0.0,0.0,0.0,0.0
6586,0.0,2.3,1334.83,0.0,0.0,0.0,0.0
6587,0.0,2.242,166.62,0.0,0.0,0.0,0.0
6588,0.0,-1.662,321.34,0.0,0.0,0.0,0.0
6589,0.0,2.167,22.86,0.0,0.0,0.0,0.0
6590,0.0,-1.063,342.49,0.0,0.0,0.0,0.0
6591,0.0,-2.721,710.06,0.0,0.0,0.0,0.0
6592,0.0,1.592,1349.24,0.0,0.0,0.0,0.0
6593,0.0,2.721,344.11,0.0,0.0,0.0,0.0
6594,0.0,2.383,270.03,0.0,0.0,0.0,0.0
6595,0.0,2.532,914.56,0.0,0.0,0.0,0.0
6596,0.0,0.123,159.82,0.0,0.0,0.0,0.0
6597,0.0,-0.044,106.01,0.0,0.0,0.0,0.0
6598,0.0,2.665,919.52,0.0,0.0,0.0,0.0
6599,0.0,-2.147,1355.76,0.0,0.0,0.0,0.0
6600,0.0,0.725,754.71,0.0,0.0,0.0,0.0
6601,0.0,0.263,213.53,0.0,0.0,0.0,0.0
6602,0.0,0.242,32.05,0.0,0.0,0.0,0.0
6603,0.0,-1.435,173.3,0.0,0.0,0.0,0.0
6604,0.0,-2.469,1220.36,0.0,0.0,0.0,0.0
6605,0.0,2.106,1108.85,0.0,0.0,0.0,0.0
6606,0.0,0.85,245.0,0.0,0.0,0.0,0.0
6607,0.0,-2.876,259.13,0.0,0.0,0.0,0.0
6608,0.0,2.091,273.32,0.0,0.0,0.0,0.0
6609,0.0,0.478,431.2,0.0,0.0,0.0,0.0
6610,0.0,1.143,486.61,0.0,0.0,0.0,0.0
6611,0.0,2.163,340.92,0.0,0.0,0.0,0.0
6612,0.0,-1.126,103.77,0.0,0.0,0.0,0.0
6613,0.0,1.022,1126.11,0.0,0.0,0.0,0.0
6614,0.0,-2.584,77.41,0.0,0.0,0.0,0.0
6615,0.0,-1.953,911.61,0.0,0.0,0.0,0.0
6616,0.0,2.735,1751.98,0.0,0.0,0.0,0.0
6617,0.0,-2.078,1935.9,0.0,0.0,0.0,0.0
6618,0.0,-0.325,311.84,0.0,0.0,0.0,0.0
6619,0.0,-3.028,2940.38,0.0,0.0,0.0,0.0
6620,0.0,2.225,1154.22,0.0,0.0,0.0,0.0
6621,0.0,1.408,243.98,0.0,0.0,0.0,0.0
6622,0.0,-0.028,361.71,0.0,0.0,0.0,0.0
6623,0.0,-2.654,112.4,0.0,0.0,0.0,0.0
6624,0.0,-1.906,1045.7,0.0,0.0,0.0,0.0
6625,0.0,-0.767,1062.58,0.0,0.0,0.0,0.0
6626,0.0,-2.665,1257.93,0.0,0.0,0.0,0.0
6627,0.0,-2.809,424.32,0.0,0.0,0.0,0.0
6628,0.0,0.25,2394.33,0.0,0.0,0.0,0.0
6629,0.0,2.701,531.13,0.0,0.0,0.0,0.0
6630,0.0,2.171,1018.45,0.0,0.0,0.0,0.0
6631,0.0,0.164,1707.49,0.0,0.0,0.0,0.0
6632,0.0,-2.665,194.78,0.0,0.0,0.0,0.0
6633,0.0,2.152,187.96,0.0,0.0,0.0,0.0
6634,0.0,-1.509,388.36,0.0,0.0,0.0,0.0
6635,0.0,1.01,190.58,0.0,0.0,0.0,0.0
6636,0.0,-0.829,111.15,0.0,0.0,0.0,0.0
6637,0.0,-0.953,1281.7,0.0,0.0,0.0,0.0
6638,0.0,0.154,1076.61,0.0,0.0,0.0,0.0
6639,0.0,-2.178,927.68,0.0,0.0,0.0,0.0
6640,0.0,0.728,1002.79,0.0,0.0,0.0,0.0
6641,0.0,2.531,480.24,0.0,0.0,0.0,0.0
6642,0.0,-1.472,345.9,0.0,0.0,0.0,0.0
6643,0.0,-1.483,223.1,0.0,0.0,0.0,0.0
6644,0.0,-2.233,715.95,0.0,0.0,0.0,0.0
6645,0.0,1.324,1446.7,0.0,0.0,0.0,0.0
6646,0.0,0.09,537.38,0.0,0.0,0.0,0.0
6647,0.0,-0.622,453.41,0.0,0.0,0.0,0.0
6648,0.0,-2.173,7.94,0.0,0.0,0.0,0.0
6649,0.0,2.812,144.05,0.0,0.0,0.0,0.0
6650,0.0,0.125,15.43,0.0,0.0,0.0,0.0
6651,0.0,-0.728,159.98,0.0,0.0,0.0,0.0
6652,0.0,1.721,2120.05,0.0,0.0,0.0,0.0
6653,0.0,0.753,2779.2,0.0,0.0,0.0,0.0
6654,0.0,2.313,143.06,0.0,0.0,0.0,0.0
6655,0.0,-1.992,114.73,0.0,0.0,0.0,0.0
6656,0.0,-0.825,2177.65,0.0,0.0,0.0,0.0
6657,0.0,2.238,621.09,0.0,0.0,0.0,0.0
6658,0.0,-2.956,21.0,0.0,0.0,0.0,0.0
6659,0.0,1.787,2746.66,0.0,0.0,0.0,0.0
6660,0.0,0.868,212.59,0.0,0.0,0.0,0.0
6661,0.0,-1.028,119.52,0.0,0.0,0.0,0.0
6662,0.0,-2.244,56.42,0.0,0.0,0.0,0.0
6663,0.0,1.195,384.26,0.0,0.0,0.0,0.0
6664,0.0,-2.029,458.76,0.0,0.0,0.0,0.0
6665,0.0,-1.79,504.45,0.0,0.0,0.0,0.0
6666,0.0,-2.165,361.69,0.0,0.0,0.0,0.0
6667,0.0,-2.758,998.08,0.0,0.0,0.0,0.0
6668,0.0,-1.998,169.01,0.0,0.0,0.0,0.0
6669,0.0,1.117,259.81,0.0,0.0,0.0,0.0
6670,0.0,2.509,315.39,0.0,0.0,0.0,0.0
6671,0.0,0.602,698.75,0.0,0.0,0.0,0.0
6672,0.0,-1.932,173.85,0.0,0.0,0.0,0.0
6673,0.0,1.862,1659.71,0.0,0.0,0.0,0.0
6674,0.0,-2.899,190.68,0.0,0.0,0.0,0.0
6675,0.0,0.564,797.77,0.0,0.0,0.0,0.0
6676,0.0,0.88,287.22,0.0,0.0,0.0,0.0
6677,0.0,0.551,97.38,0.0,0.0,0.0,0.0
6678,0.0,-0.784,156.48,0.0,0.0,0.0,0.0
6679,0.0,-2.281,872.83,0.0,0.0,0.0,0.0
6680,0.0,1.897,119.6,0.0,0.0,0.0,0.0
6681,0.0,-1.727,204.18,0.0,0.0,0.0,0.0
6682,0.0,3.012,787.48,0.0,0.0,0.0,0.0
6683,0.0,1.812,496.39,0.0,0.0,0.0,0.0
6684,0.0,-2.764,324.69,0.0,0.0,0.0,0.0
6685,0.0,1.489,61.79,0.0,0.0,0.0,0.0
6686,0.0,2.436,161.94,0.0,0.0,0.0,0.0
6687,0.0,-1.193,769.09,0.0,0.0,0.0,0.0
6688,0.0,-2.712,219.15,0.0,0.0,0.0,0.0
6689,0.0,1.777,221.5,0.0,0.0,0.0,0.0
6690,0.0,-1.266,678.6,0.0,0.0,0.0,0.0
6691,0.0,0.815,588.71,0.0,0.0,0.0,0.0
6692,0.0,-2.158,2629.79,0.0,0.0,0.0,0.0
6693,0.0,0.189,306.36,0.0,0.0,0.0,0.0
6694,0.0,-2.477,1519.94,0.0,0.0,0.0,0.0
6695,0.0,1.754,16.17,0.0,0.0,0.0,0.0
6696,0.0,1.895,213.47,0.0,0.0,0.0,0.0
6697,0.0,-1.569,1197.67,0.0,0.0,0.0,0.0
6698,0.0,-2.606,524.8,0.0,0.0,0.0,0.0
6699,0.0,-0.643,381.06,0.0,0.0,0.0,0.0
6700,0.0,-1.468,196.25,0.0,0.0,0.0,0.0
6701,0.0,0.448,254.01,0.0,0.0,0.0,0.0
6702,0.0,1.163,146.94,0.0,0.0,0.0,0.0
6703,0.0,2.787,1696.85,0.0,0.0,0.0,0.0
6704,0.0,-1.643,854.24,0.0,0.0,0.0,0.0
6705,0.0,2.558,226.95,0.0,0.0,0.0,0.0
6706,0.0,-2.552,183.15,0.0,0.0,0.0,0.0
6707,0.0,1.333,101.17,0.0,0.0,0.0,0.0
6708,0.0,-0.538,78.78,0.0,0.0,0.0,0.0
6709,0.0,-2.599,703.36,0.0,0.0,0.0,0.0
6710,0.0,-1.464,800.69,0.0,0.0,0.0,0.0
6711,0.0,-0.141,678.07,0.0,0.0,0.0,0.0
6712,0.0,-2.189,2380.04,0.0,0.0,0.0,0.0
6713,0.0,-0.841,97.62,0.0,0.0,0.0,0.0
6714,0.0,0.388,1230.17,0.0,0.0,0.0,0.0
6715,0.0,-0.809,366.78,0.0,0.0,0.0,0.0
6716,0.0,-1.979,378.54,0.0,0.0,0.0,0.0
6717,0.0,-0.602,148.15,0.0,0.0,0.0,0.0
6718,0.0,-1.896,413.44,0.0,0.0,0.0,0.0
6719,0.0,0.698,61.77,0.0,0.0,0.0,0.0
6720,0.0,-0.603,690.11,0.0,0.0,0.0,0.0
6721,0.0,-0.573,785.73,0.0,0.0,0.0,0.0
6722,0.0,2.79,175.48,0.0,0.0,0.0,0.0
6723,0.0,-0.549,1974.52,0.0,0.0,0.0,0.0
6724,0.0,1.493,35.0,0.0,0.0,0.0,0.0
6725,0.0,-2.108,327.69,0.0,0.0,0.0,0.0
6726,0.0,-0.286,458.4,0.0,0.0,0.0,0.0
6727,0.0,0.827,212.05,0.0,0.0,0.0,0.0
6728,0.0,-0.296,1323.01,0.0,0.0,0.0,0.0
6729,0.0,-0.95,1183.79,0.0,0.0,0.0,0.0
6730,0.0,-2.11,66.93,0.0,0.0,0.0,0.0
6731,0.0,1.11,1444.05,0.0,0.0,0.0,0.0
6732,0.0,0.264,167.78,0.0,0.0,0.0,0.0
6733,0.0,-0.382,618.69,0.0,0.0,0.0,0.0
6734,0.0,0.016,354.88,0.0,0.0,0.0,0.0
6735,0.0,0.968,1942.74,0.0,0.0,0.0,0.0
6736,0.0,-2.326,159.09,0.0,0.0,0.0,0.0
6737,0.0,-1.257,1478.3,0.0,0.0,0.0,0.0
6738,0.0,0.939,1623.82,0.0,0.0,0.0,0.0
6739,0.0,-0.988,236.17,0.0,0.0,0.0,0.0
6740,0.0,2.552,2815.5,0.0,0.0,0.0,0.0
6741,0.0,-3.002,2235.03,0.0,0.0,0.0,0.0
6742,0.0,1.741,792.71,0.0,0.0,0.0,0.0
6743,0.0,3.083,45.17,0.0,0.0,0.0,0.0
6744,0.0,0.131,780.3,0.0,0.0,0.0,0.0
6745,0.0,-1.489,69.03,0.0,0.0,0.0,0.0
6746,0.0,0.256,709.15,0.0,0.0,0.0,0.0
6747,0.0,-1.513,814.71,0.0,0.0,0.0,0.0
6748,0.0,-2.695,1444.06,0.0,0.0,0.0,0.0
6749,0.0,2.918,34.9,0.0,0.0,0.0,0.0
6750,0.0,0.141,1650.54,0.0,0.0,0.0,0.0
6751,0.0,1.742,2675.63,0.0,0.0,0.0,0.0
6752,0.0,-2.969,251.13,0.0,0.0,0.0,0.0
6753,0.0,2.128,158.42,0.0,0.0,0.0,0.0
6754,0.0,0.603,2756.55,0.0,0.0,0.0,0.0
6755,0.0,-1.575,308.34,0.0,0.0,0.0,0.0
6756,0.0,-0.007,327.51,0.0,0.0,0.0,0.0
6757,0.0,0.891,1126.31,0.0,0.0,0.0,0.0
6758,0.0,-0.92,854.44,0.0,0.0,0.0,0.0
6759,0.0,2.41,2081.66,0.0,0.0,0.0,0.0
6760,0.0,-0.183,476.27,0.0,0.0,0.0,0.0
6761,0.0,-2.534,384.08,0.0,0.0,0.0,0.0
6762,0.0,-0.208,92.09,0.0,0.0,0.0,0.0
6763,0.0,0.484,31.87,0.0,0.0,0.0,0.0
6764,0.0,1.303,67.93,0.0,0.0,0.0,0.0
6765,0.0,3.054,42.6,0.0,0.0,0.0,0.0
6766,0.0,-0.353,296.16,0.0,0.0,0.0,0.0
6767,0.0,-2.233,790.15,0.0,0.0,0.0,0.0
6768,0.0,2.368,1076.44,0.0,0.0,0.0,0.0
6769,0.0,2.758,493.26,0.0,0.0,0.0,0.0
6770,0.0,2.602,105.81,0.0,0.0,0.0,0.0
6771,0.0,1.363,561.26,0.0,0.0,0.0,0.0
6772,0.0,-1.517,341.28,0.0,0.0,0.0,0.0
6773,0.0,-0.465,136.25,0.0,0.0,0.0,0.0
6774,0.0,0.007,1122.03,0.0,0.0,0.0,0.0
6775,0.0,-0.783,1101.79,0.0,0.0,0.0,0.0
6776,0.0,-0.255,70.79,0.0,0.0,0.0,0.0
6777,0.0,-0.31,2913.21,0.0,0.0,0.0,0.0
6778,0.0,-2.933,237.71,0.0,0.0,0.0,0.0
6779,0.0,0.412,276.09,0.0,0.0,0.0,0.0
6780,0.0,-3.103,981.79,0.0,0.0,0.0,0.0
6781,0.0,1.252,117.91,0.0,0.0,0.0,0.0
6782,0.0,-2.589,700.78,0.0,0.0,0.0,0.0
6783,0.0,2.024,274.68,0.0,0.0,0.0,0.0
6784,0.0,2.614,299.57,0.0,0.0,0.0,0.0
6785,0.0,1.404,869.38,0.0,0.0,0.0,0.0
6786,0.0,2.34,181.91,0.0,0.0,0.0,0.0
6787,0.0,2.106,42.28,0.0,0.0,0.0,0.0
6788,0.0,1.191,2034.9,0.0,0.0,0.0,0.0
6789,0.0,0.128,1591.67,0.0,0.0,0.0,0.0
6790,0.0,0.713,180.14,0.0,0.0,0.0,0.0
6791,0.0,-2.62,1109.63,0.0,0.0,0.0,0.0
6792,0.0,-0.478,36.53,0.0,0.0,0.0,0.0
6793,0.0,0.835,278.04,0.0,0.0,0.0,0.0
6794,0.0,-2.822,272.4,0.0,0.0,0.0,0.0
6795,0.0,2.768,156.71,0.0,0.0,0.0,0.0
6796,0.0,0.421,133.13,0.0,0.0,0.0,0.0
6797,0.0,2.724,46.9,0.0,0.0,0.0,0.0
6798,0.0,-1.314,193.74,0.0,0.0,0.0,0.0
6799,0.0,-2.693,1338.58,0.0,0.0,0.0,0.0
6800,0.0,2.298,3237.91,0.0,0.0,0.0,0.0
6801,0.0,-0.474,490.92,0.0,0.0,0.0,0.0
6802,0.0,-0.769,795.82,0.0,0.0,0.0,0.0
6803,0.0,-0.547,211.53,0.0,0.0,0.0,0.0
6804,0.0,2.885,480.74,0.0,0.0,0.0,0.0
6805,0.0,-2.924,120.15,0.0,0.0,0.0,0.0
6806,0.0,2.488,1460.99,0.0,0.0,0.0,0.0
6807,0.0,-2.486,765.96,0.0,0.0,0.0,0.0
6808,0.0,-0.981,192.69,0.0,0.0,0.0,0.0
6809,0.0,-1.995,89.26,0.0,0.0,0.0,0.0
6810,0.0,-0.834,376.28,0.0,0.0,0.0,0.0
6811,0.0,2.434,246.04,0.0,0.0,0.0,0.0
6812,0.0,0.413,62.07,0.0,0.0,0.0,0.0
6813,0.0,1.629,88.67,0.0,0.0,0.0,0.0
6814,0.0,-0.063,162.99,0.0,0.0,0.0,0.0
6815,0.0,1.965,1961.97,0.0,0.0,0.0,0.0
6816,0.0,-2.328,315.91,0.0,0.0,0.0,0.0
6817,0.0,2.891,91.07,0.0,0.0,0.0,0.0
6818,0.0,-1.28,2243.25,0.0,0.0,0.0,0.0
6819,0.0,2.055,910.07,0.0,0.0,0.0,0.0
6820,0.0,0.177,182.84,0.0,0.0,0.0,0.0
6821,0.0,-0.235,194.8,0.0,0.0,0.0,0.0
6822,0.0,2.13,797.63,0.0,0.0,0.0,0.0
6823,0.0,-2.024,1268.31,0.0,0.0,0.0,0.0
6824,0.0,1.349,130.42,0.0,0.0,0.0,0.0
6825,0.0,-1.085,1525.07,0.0,0.0,0.0,0.0
6826,0.0,-0.181,461.32,0.0,0.0,0.0,0.0
6827,0.0,-2.559,422.86,0.0,0.0,0.0,0.0
6828,0.0,0.71,2901.09,0.0,0.0,0.0,0.0
6829,0.0,-1.459,87.5,0.0,0.0,0.0,0.0
6830,0.0,0.671,320.14,0.0,0.0,0.0,0.0
6831,0.0,1.956,1836.2,0.0,0.0,0.0,0.0
6832,0.0,1.356,936.44,0.0,0.0,0.0,0.0
6833,0.0,2.776,678.59,0.0,0.0,0.0,0.0
6834,0.0,1.773,143.04,0.0,0.0,0.0,0.0
6835,0.0,-2.291,217.02,0.0,0.0,0.0,0.0
6836,0.0,0.594,833.7,0.0,0.0,0.0,0.0
6837,0.0,2.51,50.07,0.0,0.0,0.0,0.0
6838,0.0,-1.553,716.41,0.0,0.0,0.0,0.0
6839,0.0,1.461,26.63,0.0,0.0,0.0,0.0
6840,0.0,0.646,231.69,0.0,0.0,0.0,0.0
6841,0.0,2.136,191.41,0.0,0.0,0.0,0.0
6842,0.0,1.149,1628.51,0.0,0.0,0.0,0.0
6843,0.0,0.4,47.72,0.0,0.0,0.0,0.0
6844,0.0,1.168,54.61,0.0,0.0,0.0,0.0
6845,0.0,2.384,331.52,0.0,0.0,0.0,0.0
6846,0.0,-2.367,274.64,0.0,0.0,0.0,0.0
6847,0.0,1.689,174.63,0.0,0.0,0.0,0.0
6848,0.0,-2.193,368.66,0.0,0.0,0.0,0.0
6849,0.0,-1.602,1645.17,0.0,0.0,0.0,0.0
6850,0.0,2.892,1537.96,0.0,0.0,0.0,0.0
6851,0.0,1.764,121.71,0.0,0.0,0.0,0.0
6852,0.0,-2.479,52.6,0.0,0.0,0.0,0.0
6853,0.0,-2.667,440.35,0.0,0.0,0.0,0.0
6854,0.0,-1.748,394.3,0.0,0.0,0.0,0.0
6855,0.0,-1.254,234.5,0.0,0.0,0.0,0.0
6856,0.0,1.101,93.98,0.0,0.0,0.0,0.0
6857,0.0,1.232,385.67,0.0,0.0,0.0,0.0
6858,0.0,0.256,262.22,0.0,0.0,0.0,0.0
6859,0.0,-1.194,93.09,0.0,0.0,0.0,0.0
6860,0.0,-2.857,654.24,0.0,0.0,0.0,0.0
6861,0.0,3.134,1901.26,0.0,0.0,0.0,0.0
6862,0.0,-2.245,547.4,0.0,0.0,0.0,0.0
6863,0.0,0.16,252.94,0.0,0.0,0.0,0.0
6864,0.0,2.553,150.53,0.0,0.0,0.0,0.0
6865,0.0,-2.994,92.25,0.0,0.0,0.0,0.0
6866,0.0,2.526,181.25,0.0,0.0,0.0,0.0
6867,0.0,1.226,220.89,0.0,0.0,0.0,0.0
6868,0.0,2.993,93.21,0.0,0.0,0.0,0.0
6869,0.0,2.734,1767.84,0.0,0.0,0.0,0.0
6870,0.0,-1.6,236.41,0.0,0.0,0.0,0.0
6871,0.0,-0.412,229.57,0.0,0.0,0.0,0.0
6872,0.0,1.368,9.89,0.0,0.0,0.0,0.0
6873,0.0,-1.44,118.49,0.0,0.0,0.0,0.0
6874,0.0,-2.805,104.06,0.0,0.0,0.0,0.0
6875,0.0,-2.84,635.87,0.0,0.0,0.0,0.0
6876,0.0,2.841,206.59,0.0,0.0,0.0,0.0
6877,0.0,-2.796,90.09,0.0,0.0,0.0,0.0
6878,0.0,-0.446,1141.05,0.0,0.0,0.0,0.0
6879,0.0,2.0,403.63,0.0,0.0,0.0,0.0
6880,0.0,-0.378,223.21,0.0,0.0,0.0,0.0
6881,0.0,-3.042,126.92,0.0,0.0,0.0,0.0
6882,0.0,0.058,40.02,0.0,0.0,0.0,0.0
6883,0.0,0.103,39.35,0.0,0.0,0.0,0.0
6884,0.0,-0.006,1204.36,0.0,0.0,0.0,0.0
6885,0.0,-1.714,732.55,0.0,0.0,0.0,0.0
6886,0.0,-2.958,234.34,0.0,0.0,0.0,0.0
6887,0.0,2.035,1951.22,0.0,0.0,0.0,0.0
6888,0.0,2.098,62.15,0.0,0.0,0.0,0.0
6889,0.0,-1.872,136.05,0.0,0.0,0.0,0.0
6890,0.0,-1.302,1760.13,0.0,0.0,0.0,0.0
6891,0.0,-2.645,76.95,0.0,0.0,0.0,0.0
6892,0.0,1.124,230.7,0.0,0.0,0.0,0.0
6893,0.0,1.907,234.15,0.0,0.0,0.0,0.0
6894,0.0,-1.501,586.47,0.0,0.0,0.0,0.0
6895,0.0,1.699,204.47,0.0,0.0,0.0,0.0
6896,0.0,-1.271,41.09,0.0,0.0,0.0,0.0
6897,0.0,1.852,315.53,0.0,0.0,0.0,0.0
6898,0.0,-1.669,31.44,0.0,0.0,0.0,0.0
6899,0.0,0.906,957.26,0.0,0.0,0.0,0.0
6900,0.0,-1.692,154.33,0.0,0.0,0.0,0.0
6901,0.0,-2.638,247.96,0.0,0.0,0.0,0.0
6902,0.0,-3.046,101.21,0.0,0.0,0.0,0.0
6903,0.0,0.972,256.41,0.0,0.0,0.0,0.0
6904,0.0,0.781,1340.26,0.0,0.0,0.0,0.0
6905,0.0,2.094,731.27,0.0,0.0,0.0,0.0
6906,0.0,1.88,69.86,0.0,0.0,0.0,0.0
6907,0.0,1.538,47.61,0.0,0.0,0.0,0.0
6908,0.0,-2.07,203.27,0.0,0.0,0.0,0.0
6909,0.0,2.475,130.4,0.0,0.0,0.0,0.0
6910,0.0,-1.99,3165.49,0.0,0.0,0.0,0.0
6911,0.0,-0.374,1422.58,0.0,0.0,0.0,0.0
6912,0.0,-0.905,204.74,0.0,0.0,0.0,0.0
6913,0.0,-1.047,320.12,0.0,0.0,0.0,0.0
6914,0.0,-1.396,365.43,0.0,0.0,0.0,0.0
6915,0.0,-0.545,187.98,0.0,0.0,0.0,0.0
6916,0.0,2.122,156.53,0.0,0.0,0.0,0.0
6917,0.0,1.241,619.27,0.0,0.0,0.0,0.0
6918,0.0,-0.08,176.83,0.0,0.0,0.0,0.0
6919,0.0,2.182,1959.96,0.0,0.0,0.0,0.0
6920,0.0,-2.439,698.22,0.0,0.0,0.0,0.0
6921,0.0,0.138,1058.09,0.0,0.0,0.0,0.0
6922,0.0,-2.197,437.58,0.0,0.0,0.0,0.0
6923,0.0,0.406,2395.72,0.0,0.0,0.0,0.0
6924,0.0,-1.011,238.01,0.0,0.0,0.0,0.0
6925,0.0,-2.437,74.25,0.0,0.0,0.0,0.0
6926,0.0,3.063,292.51,0.0,0.0,0.0,0.0
6927,0.0,0.693,1031.33,0.0,0.0,0.0,0.0
6928,0.0,0.31,541.23,0.0,0.0,0.0,0.0
6929,0.0,-2.264,1085.32,0.0,0.0,0.0,0.0
6930,0.0,2.109,792.21,0.0,0.0,0.0,0.0
6931,0.0,-0.163,813.48,0.0,0.0,0.0,0.0
6932,0.0,-1.541,446.49,0.0,0.0,0.0,0.0
6933,0.0,1.935,104.79,0.0,0.0,0.0,0.0
6934,0.0,1.195,433.78,0.0,0.0,0.0,0.0
6935,0.0,-1.517,280.79,0.0,0.0,0.0,0.0
6936,0.0,-2.779,333.22,0.0,0.0,0.0,0.0
6937,0.0,-2.541,1022.69,0.0,0.0,0.0,0.0
6938,0.0,-2.334,90.71,0.0,0.0,0.0,0.0
6939,0.0,3.121,392.9,0.0,0.0,0.0,0.0
6940,0.0,1.658,2066.98,0.0,0.0,0.0,0.0
6941,0.0,2.643,2006.88,0.0,0.0,0.0,0.0
6942,0.0,-1.428,824.35,0.0,0.0,0.0,0.0
6943,0.0,2.572,345.59,0.0,0.0,0.0,0.0
6944,0.0,-1.915,606.73,0.0,0.0,0.0,0.0
6945,0.0,-1.267,403.34,0.0,0.0,0.0,0.0
6946,0.0,-1.688,1620.94,0.0,0.0,0.0,0.0
6947,0.0,-0.846,405.24,0.0,0.0,0.0,0.0
6948,0.0,2.239,276.96,0.0,0.0,0.0,0.0
6949,0.0,-1.839,861.97,0.0,0.0,0.0,0.0
6950,0.0,2.734,483.44,0.0,0.0,0.0,0.0
6951,0.0,1.503,1241.48,0.0,0.0,0.0,0.0
6952,0.0,1.266,1049.15,0.0,0.0,0.0,0.0
6953,0.0,-0.717,1344.33,0.0,0.0,0.0,0.0
6954,0.0,-1.337,1861.68,0.0,0.0,0.0,0.0
6955,0.0,-3.086,405.46,0.0,0.0,0.0,0.0
6956,0.0,-1.822,1657.62,0.0,0.0,0.0,0.0
6957,0.0,-0.557,70.44,0.0,0.0,0.0,0.0
6958,0.0,1.301,495.86,0.0,0.0,0.0,0.0
6959,0.0,-0.398,101.91,0.0,0.0,0.0,0.0
6960,0.0,-2.838,218.88,0.0,0.0,0.0,0.0
6961,0.0,-0.582,543.05,0.0,0.0,0.0,0.0
6962,0.0,-0.255,3062.86,0.0,0.0,0.0,0.0
6963,0.0,1.126,341.76,0.0,0.0,0.0,0.0
6964,0.0,-0.546,265.93,0.0,0.0,0.0,0.0
6965,0.0,-0.143,1325.47,0.0,0.0,0.0,0.0
6966,0.0,1.669,462.92,0.0,0.0,0.0,0.0
6967,0.0,-0.573,199.2,0.0,0.0,0.0,0.0
6968,0.0,0.532,40.41,0.0,0.0,0.0,0.0
6969,0.0,-2.399,534.7,0.0,0.0,0.0,0.0
6970,0.0,1.625,46.99,0.0,0.0,0.0,0.0
6971,0.0,-1.988,357.41,0.0,0.0,0.0,0.0
6972,0.0,-1.79,2265.86,0.0,0.0,0.0,0.0
6973,0.0,-2.263,351.71,0.0,0.0,0.0,0.0
6974,0.0,0.217,271.43,0.0,0.0,0.0,0.0
6975,0.0,0.963,1007.64,0.0,0.0,0.0,0.0
6976,0.0,-0.163,61.85,0.0,0.0,0.0,0.0
6977,0.0,2.993,125.83,0.0,0.0,0.0,0.0
6978,0.0,-0.929,80.65,0.0,0.0,0.0,0.0
6979,0.0,-1.425,93.97,0.0,0.0,0.0,0.0
6980,0.0,1.274,100.24,0.0,0.0,0.0,0.0
6981,0.0,0.683,5.48,0.0,0.0,0.0,0.0
6982,0.0,3.071,617.87,0.0,0.0,0.0,0.0
6983,0.0,1.728,128.2,0.0,0.0,0.0,0.0
6984,0.0,-0.451,337.12,0.0,0.0,0.0,0.0
6985,0.0,2.279,673.11,0.0,0.0,0.0,0.0
6986,0.0,0.529,984.63,0.0,0.0,0.0,0.0
6987,0.0,1.719,162.1,0.0,0.0,0.0,0.0
6988,0.0,-2.453,1211.87,0.0,0.0,0.0,0.0
6989,0.0,2.483,588.84,0.0,0.0,0.0,0.0
6990,0.0,-0.862,114.49,0.0,0.0,0.0,0.0
6991,0.0,-1.39,782.44,0.0,0.0,0.0,0.0
6992,0.0,2.698,187.4,0.0,0.0,0.0,0.0
6993,0.0,0.755,162.02,0.0,0.0,0.0,0.0
6994,0.0,-2.944,1366.84,0.0,0.0,0.0,0.0
6995,0.0,1.801,615.06,0.0,0.0,0.0,0.0
6996,0.0,2.483,233.97,0.0,0.0,0.0,0.0
6997,0.0,-1.187,32.6,0.0,0.0,0.0,0.0
6998,0.0,-0.51,82.69,0.0,0.0,0.0,0.0
6999,0.0,1.826,89.74,0.0,0.0,0.0,0.0
7000,0.0,-1.27,643.8,0.0,0.0,0.0,0.0
7001,0.0,2.782,56.67,0.0,0.0,0.0,0.0
7002,0.0,-2.961,1534.55,0.0,0.0,0.0,0.0
7003,0.0,-0.235,348.81,0.0,0.0,0.0,0.0
7004,0.0,0.956,23.3,0.0,0.0,0.0,0.0
7005,0.0,0.22,187.06,0.0,0.0,0.0,0.0
7006,0.0,-0.096,1724.97,0.0,0.0,0.0,0.0
7007,0.0,-1.647,356.56,0.0,0.0,0.0,0.0
7008,0.0,2.925,336.35,0.0,0.0,0.0,0.0
7009,0.0,1.108,75.24,0.0,0.0,0.0,0.0
7010,0.0,-2.37,2589.12,0.0,0.0,0.0,0.0
7011,0.0,0.183,484.03,0.0,0.0,0.0,0.0
7012,0.0,-2.763,421.9,0.0,0.0,0.0,0.0
7013,0.0,-2.717,38.02,0.0,0.0,0.0,0.0
7014,0.0,0.068,876.39,0.0,0.0,0.0,0.0
7015,0.0,2.737,2818.37,0.0,0.0,0.0,0.0
7016,0.0,0.391,1362.66,0.0,0.0,0.0,0.0
7017,0.0,-1.531,82.77,0.0,0.0,0.0,0.0
7018,0.0,-2.523,271.47,0.0,0.0,0.0,0.0
7019,0.0,1.674,497.03,0.0,0.0,0.0,0.0
7020,0.0,-2.241,219.17,0.0,0.0,0.0,0.0
7021,0.0,3.048,730.49,0.0,0.0,0.0,0.0
7022,0.0,-2.121,166.37,0.0,0.0,0.0,0.0
7023,0.0,-0.223,95.71,0.0,0.0,0.0,0.0
7024,0.0,-0.16,1641.86,0.0,0.0,0.0,0.0
7025,0.0,2.775,284.18,0.0,0.0,0.0,0.0
7026,0.0,-0.316,252.6,0.0,0.0,0.0,0.0
7027,0.0,0.53,152.99,0.0,0.0,0.0,0.0
7028,0.0,0.616,35.59,0.0,0.0,0.0,0.0
7029,0.0,0.805,175.01,0.0,0.0,0.0,0.0
7030,0.0,1.229,70.59,0.0,0.0,0.0,0.0
7031,0.0,-1.687,1070.68,0.0,0.0,0.0,0.0
7032,0.0,2.05,127.66,0.0,0.0,0.0,0.0
7033,0.0,-0.326,166.17,0.0,0.0,0.0,0.0
7034,0.0,1.202,525.88,0.0,0.0,0.0,0.0
7035,0.0,0.5,376.89,0.0,0.0,0.0,0.0
7036,0.0,-0.057,551.63,0.0,0.0,0.0,0.0
7037,0.0,-2.669,362.46,0.0,0.0,0.0,0.0
7038,0.0,0.792,44.17,0.0,0.0,0.0,0.0
7039,0.0,1.782,366.93,0.0,0.0,0.0,0.0
7040,0.0,-1.397,199.54,0.0,0.0,0.0,0.0
7041,0.0,-1.241,547.86,0.0,0.0,0.0,0.0
7042,0.0,0.78,611.15,0.0,0.0,0.0,0.0
7043,0.0,-1.032,180.19,0.0,0.0,0.0,0.0
7044,0.0,1.399,786.36,0.0,0.0,0.0,0.0
7045,0.0,0.112,3360.43,0.0,0.0,0.0,0.0
7046,0.0,0.882,682.42,0.0,0.0,0.0,0.0
7047,0.0,2.337,621.74,0.0,0.0,0.0,0.0
7048,0.0,1.367,115.31,0.0,0.0,0.0,0.0
7049,0.0,0.26,2364.56,0.0,0.0,0.0,0.0
7050,0.0,0.25,171.94,0.0,0.0,0.0,0.0
7051,0.0,-1.106,221.41,0.0,0.0,0.0,0.0
7052,0.0,2.58,499.73,0.0,0.0,0.0,0.0
7053,0.0,0.203,168.92,0.0,0.0,0.0,0.0
7054,0.0,-0.099,14.49,0.0,0.0,0.0,0.0
7055,0.0,-0.806,434.94,0.0,0.0,0.0,0.0
7056,0.0,-0.823,922.97,0.0,0.0,0.0,0.0
7057,0.0,2.741,2248.35,0.0,0.0,0.0,0.0
7058,0.0,1.853,737.0,0.0,0.0,0.0,0.0
7059,0.0,-2.379,87.68,0.0,0.0,0.0,0.0
7060,0.0,-0.592,244.15,0.0,0.0,0.0,0.0
7061,0.0,-1.828,891.32,0.0,0.0,0.0,0.0
7062,0.0,1.371,876.5,0.0,0.0,0.0,0.0
7063,0.0,-2.519,2451.1,0.0,0.0,0.0,0.0
7064,0.0,0.222,613.65,0.0,0.0,0.0,0.0
7065,0.0,-0.244,481.63,0.0,0.0,0.0,0.0
7066,0.0,-1.464,72.77,0.0,0.0,0.0,0.0
7067,0.0,-2.038,473.29,0.0,0.0,0.0,0.0
7068,0.0,-1.418,239.12,0.0,0.0,0.0,0.0
7069,0.0,-2.758,740.1,0.0,0.0,0.0,0.0
7070,0.0,1.144,1698.05,0.0,0.0,0.0,0.0
7071,0.0,-2.416,723.65,0.0,0.0,0.0,0.0
7072,0.0,-1.375,162.39,0.0,0.0,0.0,0.0
7073,0.0,0.483,100.55,0.0,0.0,0.0,0.0
7074,0.0,3.141,188.58,0.0,0.0,0.0,0.0
7075,0.0,-1.775,1845.05,0.0,0.0,0.0,0.0
7076,0.0,0.22,1160.11,0.0,0.0,0.0,0.0
7077,0.0,0.515,272.89,0.0,0.0,0.0,0.0
7078,0.0,1.881,112.59,0.0,0.0,0.0,0.0
7079,0.0,2.341,1192.69,0.0,0.0,0.0,0.0
7080,0.0,-1.174,198.89,0.0,0.0,0.0,0.0
7081,0.0,-0.747,155.28,0.0,0.0,0.0,0.0
7082,0.0,-1.472,231.01,0.0,0.0,0.0,0.0
7083,0.0,2.975,172.44,0.0,0.0,0.0,0.0
7084,0.0,2.947,1414.39,0.0,0.0,0.0,0.0
7085,0.0,-0.589,436.05,0.0,0.0,0.0,0.0
7086,0.0,-0.753,404.15,0.0,0.0,0.0,0.0
7087,0.0,-1.797,64.62,0.0,0.0,0.0,0.0
7088,0.0,-1.122,23.2,0.0,0.0,0.0,0.0
7089,0.0,-1.184,1712.62,0.0,0.0,0.0,0.0
7090,0.0,-2.602,551.63,0.0,0.0,0.0,0.0
7091,0.0,0.62,587.71,0.0,0.0,0.0,0.0
7092,0.0,-0.262,320.31,0.0,0.0,0.0,0.0
7093,0.0,-2.012,1396.37,0.0,0.0,0.0,0.0
7094,0.0,0.516,883.75,0.0,0.0,0.0,0.0
7095,0.0,-0.538,107.86,0.0,0.0,0.0,0.0
7096,0.0,1.921,30.64,0.0,0.0,0.0,0.0
7097,0.0,-1.327,357.16,0.0,0.0,0.0,0.0
7098,0.0,2.23,683.25,0.0,0.0,0.0,0.0
7099,0.0,1.064,90.97,0.0,0.0,0.0,0.0
7100,0.0,1.064,141.06,0.0,0.0,0.0,0.0
7101,0.0,-1.656,62.16,0.0,0.0,0.0,0.0
7102,0.0,-2.129,1635.37,0.0,0.0,0.0,0.0
7103,0.0,-0.735,1682.54,0.0,0.0,0.0,0.0
7104,0.0,1.695,229.67,0.0,0.0,0.0,0.0
7105,0.0,-1.988,453.64,0.0,0.0,0.0,0.0
7106,0.0,-0.429,380.13,0.0,0.0,0.0,0.0
7107,0.0,2.991,662.14,0.0,0.0,0.0,0.0
7108,0.0,1.536,425.9,0.0,0.0,0.0,0.0
7109,0.0,-1.104,1035.79,0.0,0.0,0.0,0.0
7110,0.0,2.224,801.1,0.0,0.0,0.0,0.0
7111,0.0,-2.181,241.27,0.0,0.0,0.0,0.0
7112,0.0,0.397,643.63,0.0,0.0,0.0,0.0
7113,0.0,-1.718,2461.38,0.0,0.0,0.0,0.0
7114,0.0,-1.17,1148.92,0.0,0.0,0.0,0.0
7115,0.0,1.716,301.88,0.0,0.0,0.0,0.0
7116,0.0,1.728,695.72,0.0,0.0,0.0,0.0
7117,0.0,0.196,2228.23,0.0,0.0,0.0,0.0
7118,0.0,-3.123,58.27,0.0,0.0,0.0,0.0
7119,0.0,-0.298,443.74,0.0,0.0,0.0,0.0
7120,0.0,-2.412,1313.78,0.0,0.0,0.0,0.0
7121,0.0,0.339,708.77,0.0,0.0,0.0,0.0
7122,0.0,2.106,1133.89,0.0,0.0,0.0,0.0
7123,0.0,-0.098,215.28,0.0,0.0,0.0,0.0
7124,0.0,0.161,118.06,0.0,0.0,0.0,0.0
7125,0.0,-1.964,852.0,0.0,0.0,0.0,0.0
7126,0.0,-0.788,2085.14,0.0,0.0,0.0,0.0
7127,0.0,2.372,269.28,0.0,0.0,0.0,0.0
7128,0.0,2.772,1311.76,0.0,0.0,0.0,0.0
7129,0.0,3.061,422.87,0.0,0.0,0.0,0.0
7130,0.0,1.36,1356.95,0.0,0.0,0.0,0.0
7131,0.0,-1.718,1609.3,0.0,0.0,0.0,0.0
7132,0.0,1.158,317.89,0.0,0.0,0.0,0.0
7133,0.0,1.72,333.91,0.0,0.0,0.0,0.0
7134,0.0,1.569,89.51,0.0,0.0,0.0,0.0
7135,0.0,-3.023,169.24,0.0,0.0,0.0,0.0
7136,0.0,1.09,456.7,0.0,0.0,0.0,0.0
7137,0.0,1.202,575.78,0.0,0.0,0.0,0.0
7138,0.0,-0.893,623.11,0.0,0.0,0.0,0.0
7139,0.0,-0.517,28.33,0.0,0.0,0.0,0.0
7140,0.0,-0.074,378.38,0.0,0.0,0.0,0.0
7141,0.0,1.617,148.55,0.0,0.0,0.0,0.0
7142,0.0,2.829,3516.94,0.0,0.0,0.0,0.0
7143,0.0,-2.078,512.63,0.0,0.0,0.0,0.0
7144,0.0,2.862,149.74,0.0,0.0,0.0,0.0
7145,0.0,-2.934,57.03,0.0,0.0,0.0,0.0
7146,0.0,0.088,634.8,0.0,0.0,0.0,0.0
7147,0.0,1.289,475.86,0.0,0.0,0.0,0.0
7148,0.0,0.9,35.63,0.0,0.0,0.0,0.0
7149,0.0,0.033,120.97,0.0,0.0,0.0,0.0
7150,0.0,2.417,2261.25,0.0,0.0,0.0,0.0
7151,0.0,1.681,386.97,0.0,0.0,0.0,0.0
7152,0.0,-0.087,362.26,0.0,0.0,0.0,0.0
7153,0.0,1.702,29.86,0.0,0.0,0.0,0.0
7154,0.0,2.117,1995.41,0.0,0.0,0.0,0.0
7155,0.0,0.726,334.09,0.0,0.0,0.0,0.0
7156,0.0,1.99,430.94,0.0,0.0,0.0,0.0
7157,0.0,1.331,603.58,0.0,0.0,0.0,0.0
7158,0.0,-2.308,193.89,0.0,0.0,0.0,0.0
7159,0.0,1.959,244.15,0.0,0.0,0.0,0.0
7160,0.0,1.441,851.4,0.0,0.0,0.0,0.0
7161,0.0,2.397,271.51,0.0,0.0,0.0,0.0
7162,0.0,2.669,48.0,0.0,0.0,0.0,0.0
7163,0.0,2.22,862.06,0.0,0.0,0.0,0.0
7164,0.0,-2.812,152.08,0.0,0.0,0.0,0.0
7165,0.0,-2.779,235.65,0.0,0.0,0.0,0.0
7166,0.0,2.538,912.92,0.0,0.0,0.0,0.0
7167,0.0,0.466,190.0,0.0,0.0,0.0,0.0
7168,0.0,-1.258,96.39,0.0,0.0,0.0,0.0
7169,0.0,2.772,240.78,0.0,0.0,0.0,0.0
7170,0.0,-2.517,481.24,0.0,0.0,0.0,0.0
7171,0.0,0.15,140.23,0.0,0.0,0.0,0.0
7172,0.0,-2.734,1854.61,0.0,0.0,0.0,0.0
7173,0.0,-1.437,1049.47,0.0,0.0,0.0,0.0
7174,0.0,0.646,1031.91,0.0,0.0,0.0,0.0
7175,0.0,-2.401,614.57,0.0,0.0,0.0,0.0
7176,0.0,1.176,233.34,0.0,0.0,0.0,0.0
7177,0.0,0.835,334.92,0.0,0.0,0.0,0.0
7178,0.0,0.605,227.69,0.0,0.0,0.0,0.0
7179,0.0,-1.429,687.85,0.0,0.0,0.0,0.0
7180,0.0,-2.82,55.7,0.0,0.0,0.0,0.0
7181,0.0,-1.262,861.88,0.0,0.0,0.0,0.0
7182,0.0,1.82,983.79,0.0,0.0,0.0,0.0
7183,0.0,-2.613,1546.96,0.0,0.0,0.0,0.0
7184,0.0,2.771,216.73,0.0,0.0,0.0,0.0
7185,0.0,3.034,118.83,0.0,0.0,0.0,0.0
7186,0.0,2.909,753.39,0.0,0.0,0.0,0.0
7187,0.0,-2.497,373.82,0.0,0.0,0.0,0.0
7188,0.0,-0.516,796.86,0.0,0.0,0.0,0.0
7189,0.0,-1.436,803.01,0.0,0.0,0.0,0.0
7190,0.0,0.508,978.9,0.0,0.0,0.0,0.0
7191,0.0,-2.338,492.97,0.0,0.0,0.0,0.0
7192,0.0,-0.665,422.36,0.0,0.0,0.0,0.0
7193,0.0,-1.804,323.71,0.0,0.0,0.0,0.0
7194,0.0,-1.754,1633.62,0.0,0.0,0.0,0.0
7195,0.0,-0.916,481.16,0.0,0.0,0.0,0.0
7196,0.0,-0.249,767.85,0.0,0.0,0.0,0.0
7197,0.0,-1.468,64.27,0.0,0.0,0.0,0.0
7198,0.0,2.627,751.4,0.0,0.0,0.0,0.0
7199,0.0,-2.343,916.11,0.0,0.0,0.0,0.0
7200,0.0,0.72,487.17,0.0,0.0,0.0,0.0
7201,0.0,0.369,185.48,0.0,0.0,0.0,0.0
7202,0.0,-0.381,157.06,0.0,0.0,0.0,0.0
7203,0.0,-1.558,637.12,0.0,0.0,0.0,0.0
7204,0.0,-2.048,601.01,0.0,0.0,0.0,0.0
7205,0.0,0.071,218.9,0.0,0.0,0.0,0.0
7206,0.0,1.917,320.0,0.0,0.0,0.0,0.0
7207,0.0,1.481,505.44,0.0,0.0,0.0,0.0
7208,0.0,0.721,126.6,0.0,0.0,0.0,0.0
7209,0.0,-1.979,31.01,0.0,0.0,0.0,0.0
7210,0.0,-2.831,138.72,0.0,0.0,0.0,0.0
7211,0.0,1.925,66.08,0.0,0.0,0.0,0.0
7212,0.0,-0.96,633.63,0.0,0.0,0.0,0.0
7213,0.0,2.336,9.92,0.0,0.0,0.0,0.0
7214,0.0,-0.307,88.93,0.0,0.0,0.0,0.0
7215,0.0,-0.246,1284.32,0.0,0.0,0.0,0.0
7216,0.0,-0.713,2068.89,0.0,0.0,0.0,0.0
7217,0.0,2.984,1578.14,0.0,0.0,0.0,0.0
7218,0.0,0.745,35.02,0.0,0.0,0.0,0.0
7219,0.0,-2.6,258.01,0.0,0.0,0.0,0.0
7220,0.0,-0.018,76.82,0.0,0.0,0.0,0.0
7221,0.0,0.849,736.03,0.0,0.0,0.0,0.0
7222,0.0,-2.015,3440.69,0.0,0.0,0.0,0.0
7223,0.0,-1.227,394.78,0.0,0.0,0.0,0.0
7224,0.0,0.162,275.72,0.0,0.0,0.0,0.0
7225,0.0,0.065,158.38,0.0,0.0,0.0,0.0
7226,0.0,-0.993,695.58,0.0,0.0,0.0,0.0
7227,0.0,-0.212,146.34,0.0,0.0,0.0,0.0
7228,0.0,-2.003,365.44,0.0,0.0,0.0,0.0
7229,0.0,0.685,1083.16,0.0,0.0,0.0,0.0
7230,0.0,2.423,1959.85,0.0,0.0,0.0,0.0
7231,0.0,2.999,1768.36,0.0,0.0,0.0,0.0
7232,0.0,0.763,541.22,0.0,0.0,0.0,0.0
7233,0.0,0.599,363.89,0.0,0.0,0.0,0.0
7234,0.0,2.949,543.46,0.0,0.0,0.0,0.0
7235,0.0,-0.645,526.17,0.0,0.0,0.0,0.0
7236,0.0,-1.182,627.7,0.0,0.0,0.0,0.0
7237,0.0,1.834,857.94,0.0,0.0,0.0,0.0
7238,0.0,-2.012,2975.88,0.0,0.0,0.0,0.0
7239,0.0,-1.004,2050.12,0.0,0.0,0.0,0.0
7240,0.0,0.541,88.01,0.0,0.0,0.0,0.0
7241,0.0,1.117,78.65,0.0,0.0,0.0,0.0
7242,0.0,-2.366,150.08,0.0,0.0,0.0,0.0
7243,0.0,2.711,385.47,0.0,0.0,0.0,0.0
7244,0.0,-0.661,1313.01,0.0,0.0,0.0,0.0
7245,0.0,2.432,161.55,0.0,0.0,0.0,0.0
7246,0.0,1.868,585.17,0.0,0.0,0.0,0.0
7247,0.0,-2.76,186.85,0.0,0.0,0.0,0.0
7248,0.0,0.376,2011.69,0.0,0.0,0.0,0.0
7249,0.0,-0.998,2937.49,0.0,0.0,0.0,0.0
7250,0.0,1.637,46.81,0.0,0.0,0.0,0.0
7251,0.0,-3.035,427.6,0.0,0.0,0.0,0.0
7252,0.0,2.669,568.83,0.0,0.0,0.0,0.0
7253,0.0,-1.478,934.42,0.0,0.0,0.0,0.0
7254,0.0,3.075,46.35,0.0,0.0,0.0,0.0
7255,0.0,-2.28,111.37,0.0,0.0,0.0,0.0
7256,0.0,-1.897,276.01,0.0,0.0,0.0,0.0
7257,0.0,0.064,56.69,0.0,0.0,0.0,0.0
7258,0.0,0.868,93.97,0.0,0.0,0.0,0.0
7259,0.0,1.18,306.84,0.0,0.0,0.0,0.0
7260,0.0,-0.348,244.13,0.0,0.0,0.0,0.0
7261,0.0,-0.862,189.05,0.0,0.0,0.0,0.0
7262,0.0,2.262,204.85,0.0,0.0,0.0,0.0
7263,0.0,0.008,211.3,0.0,0.0,0.0,0.0
7264,0.0,1.518,98.65,0.0,0.0,0.0,0.0
7265,0.0,-0.059,544.34,0.0,0.0,0.0,0.0
7266,0.0,-1.886,513.7,0.0,0.0,0.0,0.0
7267,0.0,2.666,461.01,0.0,0.0,0.0,0.0
7268,0.0,1.66,258.29,0.0,0.0,0.0,0.0
7269,0.0,-1.711,329.26,0.0,0.0,0.0,0.0
7270,0.0,-1.285,226.45,0.0,0.0,0.0,0.0
7271,0.0,2.174,364.94,0.0,0.0,0.0,0.0
7272,0.0,-2.408,516.62,0.0,0.0,0.0,0.0
7273,0.0,-1.143,281.43,0.0,0.0,0.0,0.0
7274,0.0,-2.827,81.67,0.0,0.0,0.0,0.0
7275,0.0,-2.284,158.84,0.0,0.0,0.0,0.0
7276,0.0,2.98,351.59,0.0,0.0,0.0,0.0
7277,0.0,2.328,327.89,0.0,0.0,0.0,0.0
7278,0.0,-2.0,65.84,0.0,0.0,0.0,0.0
7279,0.0,0.402,406.24,0.0,0.0,0.0,0.0
7280,0.0,0.838,2647.98,0.0,0.0,0.0,0.0
7281,0.0,0.497,138.87,0.0,0.0,0.0,0.0
7282,0.0,-1.355,750.68,0.0,0.0,0.0,0.0
7283,0.0,2.196,204.74,0.0,0.0,0.0,0.0
7284,0.0,2.374,173.48,0.0,0.0,0.0,0.0
7285,0.0,-0.858,38.63,0.0,0.0,0.0,0.0
7286,0.0,2.28,1499.48,0.0,0.0,0.0,0.0
7287,0.0,-1.702,3079.54,0.0,0.0,0.0,0.0
7288,0.0,-1.03,1009.25,0.0,0.0,0.0,0.0
7289,0.0,-1.961,1355.3,0.0,0.0,0.0,0.0
7290,0.0,-2.643,115.29,0.0,0.0,0.0,0.0
7291,0.0,-0.702,126.29,0.0,0.0,0.0,0.0
7292,0.0,-1.493,382.28,0.0,0.0,0.0,0.0
7293,0.0,2.605,49.36,0.0,0.0,0.0,0.0
7294,0.0,1.101,1224.32,0.0,0.0,0.0,0.0
7295,0.0,1.225,445.83,0.0,0.0,0.0,0.0
7296,0.0,-2.178,613.82,0.0,0.0,0.0,0.0
7297,0.0,-1.673,505.51,0.0,0.0,0.0,0.0
7298,0.0,-0.463,328.93,0.0,0.0,0.0,0.0
7299,0.0,3.098,864.6,0.0,0.0,0.0,0.0
7300,0.0,-2.106,433.87,0.0,0.0,0.0,0.0
7301,0.0,-2.279,403.23,0.0,0.0,0.0,0.0
7302,0.0,-2.469,185.51,0.0,0.0,0.0,0.0
7303,0.0,-2.461,485.59,0.0,0.0,0.0,0.0
7304,0.0,-2.767,261.82,0.0,0.0,0.0,0.0
7305,0.0,-0.037,188.46,0.0,0.0,0.0,0.0
7306,0.0,-0.83,706.47,0.0,0.0,0.0,0.0
7307,0.0,1.894,597.97,0.0,0.0,0.0,0.0
7308,0.0,2.701,158.27,0.0,0.0,0.0,0.0
7309,0.0,-0.296,479.19,0.0,0.0,0.0,0.0
7310,0.0,1.311,39.27,0.0,0.0,0.0,0.0
7311,0.0,-1.576,199.48,0.0,0.0,0.0,0.0
7312,0.0,-2.655,675.21,0.0,0.0,0.0,0.0
7313,0.0,-0.065,156.48,0.0,0.0,0.0,0.0
7314,0.0,-2.718,487.0,0.0,0.0,0.0,0.0
7315,0.0,2.867,969.16,0.0,0.0,0.0,0.0
7316,0.0,0.532,1729.66,0.0,0.0,0.0,0.0
7317,0.0,-0.188,144.68,0.0,0.0,0.0,0.0
7318,0.0,-2.254,235.78,0.0,0.0,0.0,0.0
7319,0.0,-1.237,857.16,0.0,0.0,0.0,0.0
7320,0.0,-1.233,746.01,0.0,0.0,0.0,0.0
7321,0.0,2.91,22.49,0.0,0.0,0.0,0.0
7322,0.0,2.72,154.26,0.0,0.0,0.0,0.0
7323,0.0,1.175,559.84,0.0,0.0,0.0,0.0
7324,0.0,2.73,150.48,0.0,0.0,0.0,0.0
7325,0.0,0.805,35.18,0.0,0.0,0.0,0.0
7326,0.0,-0.015,1435.88,0.0,0.0,0.0,0.0
7327,0.0,3.089,355.32,0.0,0.0,0.0,0.0
7328,0.0,0.86,1218.85,0.0,0.0,0.0,0.0
7329,0.0,-0.741,159.26,0.0,0.0,0.0,0.0
7330,0.0,-3.047,758.44,0.0,0.0,0.0,0.0
7331,0.0,0.813,206.99,0.0,0.0,0.0,0.0
7332,0.0,2.87,67.56,0.0,0.0,0.0,0.0
7333,0.0,-0.265,115.38,0.0,0.0,0.0,0.0
7334,0.0,3.015,138.48,0.0,0.0,0.0,0.0
7335,0.0,2.26,462.22,0.0,0.0,0.0,0.0
7336,0.0,-1.26,126.18,0.0,0.0,0.0,0.0
7337,0.0,-2.792,203.45,0.0,0.0,0.0,0.0
7338,0.0,-1.711,129.27,0.0,0.0,0.0,0.0
7339,0.0,2.237,412.39,0.0,0.0,0.0,0.0
7340,0.0,0.246,746.63,0.0,0.0,0.0,0.0
7341,0.0,1.528,31.0,0.0,0.0,0.0,0.0
7342,0.0,2.299,158.97,0.0,0.0,0.0,0.0
7343,0.0,0.334,2633.4,0.0,0.0,0.0,0.0
7344,0.0,2.277,757.19,0.0,0.0,0.0,0.0
7345,0.0,0.342,305.6,0.0,0.0,0.0,0.0
7346,0.0,1.715,179.51,0.0,0.0,0.0,0.0
7347,0.0,-0.698,226.95,0.0,0.0,0.0,0.0
7348,0.0,0.678,456.17,0.0,0.0,0.0,0.0
7349,0.0,1.568,2927.32,0.0,0.0,0.0,0.0
7350,0.0,-1.828,1314.06,0.0,0.0,0.0,0.0
7351,0.0,0.246,659.05,0.0,0.0,0.0,0.0
7352,0.0,-0.705,56.09,0.0,0.0,0.0,0.0
7353,0.0,-1.488,241.15,0.0,0.0,0.0,0.0
7354,0.0,1.61,482.21,0.0,0.0,0.0,0.0
7355,0.0,1.546,1437.21,0.0,0.0,0.0,0.0
7356,0.0,0.708,298.81,0.0,0.0,0.0,0.0
7357,0.0,-1.751,309.16,0.0,0.0,0.0,0.0
7358,0.0,-0.125,817.38,0.0,0.0,0.0,0.0
7359,0.0,1.311,441.99,0.0,0.0,0.0,0.0
7360,0.0,0.005,1317.55,0.0,0.0,0.0,0.0
7361,0.0,-2.042,517.39,0.0,0.0,0.0,0.0
7362,0.0,1.98,75.18,0.0,0.0,0.0,0.0
7363,0.0,2.511,1496.99,0.0,0.0,0.0,0.0
7364,0.0,-2.033,727.42,0.0,0.0,0.0,0.0
7365,0.0,-0.025,843.73,0.0,0.0,0.0,0.0
7366,0.0,-2.199,235.52,0.0,0.0,0.0,0.0
7367,0.0,-0.289,2179.76,0.0,0.0,0.0,0.0
7368,0.0,0.318,476.77,0.0,0.0,0.0,0.0
7369,0.0,-1.406,1715.72,0.0,0.0,0.0,0.0
7370,0.0,2.768,1538.62,0.0,0.0,0.0,0.0
7371,0.0,1.555,389.42,0.0,0.0,0.0,0.0
7372,0.0,0.561,2332.98,0.0,0.0,0.0,0.0
7373,0.0,2.732,2686.85,0.0,0.0,0.0,0.0
7374,0.0,1.519,1347.25,0.0,0.0,0.0,0.0
7375,0.0,-1.086,97.28,0.0,0.0,0.0,0.0
7376,0.0,0.631,270.15,0.0,0.0,0.0,0.0
7377,0.0,0.022,138.01,0.0,0.0,0.0,0.0
7378,0.0,-1.695,450.04,0.0,0.0,0.0,0.0
7379,0.0,1.941,808.8,0.0,0.0,0.0,0.0
7380,0.0,-1.022,669.96,0.0,0.0,0.0,0.0
7381,0.0,0.397,707.54,0.0,0.0,0.0,0.0
7382,0.0,-1.472,2308.75,0.0,0.0,0.0,0.0
7383,0.0,2.297,161.04,0.0,0.0,0.0,0.0
7384,0.0,0.745,101.94,0.0,0.0,0.0,0.0
7385,0.0,-1.684,694.03,0.0,0.0,0.0,0.0
7386,0.0,-1.733,204.03,0.0,0.0,0.0,0.0
7387,0.0,2.177,306.15,0.0,0.0,0.0,0.0
7388,0.0,3.035,43.72,0.0,0.0,0.0,0.0
7389,0.0,-0.709,2893.41,0.0,0.0,0.0,0.0
7390,0.0,-2.392,76.0,0.0,0.0,0.0,0.0
7391,0.0,3.02,492.96,0.0,0.0,0.0,0.0
7392,0.0,2.97,2142.72,0.0,0.0,0.0,0.0
7393,0.0,3.009,109.5,0.0,0.0,0.0,0.0
7394,0.0,-2.034,119.66,0.0,0.0,0.0,0.0
7395,0.0,2.306,2103.87,0.0,0.0,0.0,0.0
7396,0.0,-0.107,122.7,0.0,0.0,0.0,0.0
7397,0.0,0.594,1667.18,0.0,0.0,0.0,0.0
7398,0.0,2.471,241.63,0.0,0.0,0.0,0.0
7399,0.0,2.088,399.12,0.0,0.0,0.0,0.0
7400,0.0,1.536,1076.28,0.0,0.0,0.0,0.0
7401,0.0,0.826,810.47,0.0,0.0,0.0,0.0
7402,0.0,2.937,242.04,0.0,0.0,0.0,0.0
7403,0.0,-2.883,411.15,0.0,0.0,0.0,0.0
7404,0.0,2.698,224.88,0.0,0.0,0.0,0.0
7405,0.0,-0.307,21.89,0.0,0.0,0.0,0.0
7406,0.0,-2.577,61.58,0.0,0.0,0.0,0.0
7407,0.0,-0.909,462.29,0.0,0.0,0.0,0.0
7408,0.0,1.512,161.97,0.0,0.0,0.0,0.0
7409,0.0,1.143,620.06,0.0,0.0,0.0,0.0
7410,0.0,-2.214,1394.34,0.0,0.0,0.0,0.0
7411,0.0,2.817,1209.74,0.0,0.0,0.0,0.0
7412,0.0,-2.382,293.71,0.0,0.0,0.0,0.0
7413,0.0,-2.127,145.12,0.0,0.0,0.0,0.0
7414,0.0,-0.312,440.28,0.0,0.0,0.0,0.0
7415,0.0,2.669,99.44,0.0,0.0,0.0,0.0
7416,0.0,3.132,2171.63,0.0,0.0,0.0,0.0
7417,0.0,2.042,84.45,0.0,0.0,0.0,0.0
7418,0.0,-1.562,161.6,0.0,0.0,0.0,0.0
7419,0.0,-2.421,368.41,0.0,0.0,0.0,0.0
7420,0.0,-2.315,634.69,0.0,0.0,0.0,0.0
7421,0.0,0.921,268.97,0.0,0.0,0.0,0.0
7422,0.0,1.138,613.63,0.0,0.0,0.0,0.0
7423,0.0,-0.151,101.77,0.0,0.0,0.0,0.0
7424,0.0,-1.052,89.81,0.0,0.0,0.0,0.0
7425,0.0,0.093,324.47,0.0,0.0,0.0,0.0
7426,0.0,2.93,554.82,0.0,0.0,0.0,0.0
7427,0.0,-0.695,98.5,0.0,0.0,0.0,0.0
7428,0.0,2.228,159.73,0.0,0.0,0.0,0.0
7429,0.0,1.174,526.32,0.0,0.0,0.0,0.0
7430,0.0,-3.111,233.59,0.0,0.0,0.0,0.0
7431,0.0,-1.199,359.5,0.0,0.0,0.0,0.0
7432,0.0,-0.763,1245.31,0.0,0.0,0.0,0.0
7433,0.0,3.007,1461.88,0.0,0.0,0.0,0.0
7434,0.0,1.629,2275.34,0.0,0.0,0.0,0.0
7435,0.0,-0.074,503.19,0.0,0.0,0.0,0.0
7436,0.0,-2.437,953.39,0.0,0.0,0.0,0.0
7437,0.0,-3.122,63.31,0.0,0.0,0.0,0.0
7438,0.0,0.477,997.69,0.0,0.0,0.0,0.0
7439,0.0,-0.059,199.17,0.0,0.0,0.0,0.0
7440,0.0,2.608,507.01,0.0,0.0,0.0,0.0
7441,0.0,-1.171,136.25,0.0,0.0,0.0,0.0
7442,0.0,1.278,1804.89,0.0,0.0,0.0,0.0
7443,0.0,-3.045,671.34,0.0,0.0,0.0,0.0
7444,0.0,1.4,759.09,0.0,0.0,0.0,0.0
7445,0.0,-0.815,59.04,0.0,0.0,0.0,0.0
7446,0.0,-1.51,266.12,0.0,0.0,0.0,0.0
7447,0.0,2.328,871.47,0.0,0.0,0.0,0.0
7448,0.0,2.359,192.87,0.0,0.0,0.0,0.0
7449,0.0,2.613,836.35,0.0,0.0,0.0,0.0
7450,0.0,-1.213,163.57,0.0,0.0,0.0,0.0
7451,0.0,-2.658,278.84,0.0,0.0,0.0,0.0
7452,0.0,0.808,542.65,0.0,0.0,0.0,0.0
7453,0.0,-2.517,181.7,0.0,0.0,0.0,0.0
7454,0.0,1.371,283.65,0.0,0.0,0.0,0.0
7455,0.0,2.52,1002.04,0.0,0.0,0.0,0.0
7456,0.0,-3.094,130.11,0.0,0.0,0.0,0.0
7457,0.0,-1.456,1404.62,0.0,0.0,0.0,0.0
7458,0.0,-0.076,2302.94,0.0,0.0,0.0,0.0
7459,0.0,-1.243,626.44,0.0,0.0,0.0,0.0
7460,0.0,0.511,233.34,0.0,0.0,0.0,0.0
7461,0.0,-2.204,212.32,0.0,0.0,0.0,0.0
7462,0.0,2.911,1467.78,0.0,0.0,0.0,0.0
7463,0.0,2.189,254.32,0.0,0.0,0.0,0.0
7464,0.0,-0.599,89.0,0.0,0.0,0.0,0.0
7465,0.0,0.86,173.56,0.0,0.0,0.0,0.0
7466,0.0,2.264,509.27,0.0,0.0,0.0,0.0
7467,0.0,1.244,3262.13,0.0,0.0,0.0,0.0
7468,0.0,-1.552,441.67,0.0,0.0,0.0,0.0
7469,0.0,2.951,1353.52,0.0,0.0,0.0,0.0
7470,0.0,1.449,331.61,0.0,0.0,0.0,0.0
7471,0.0,1.266,935.85,0.0,0.0,0.0,0.0
7472,0.0,0.705,505.42,0.0,0.0,0.0,0.0
7473,0.0,-1.163,465.12,0.0,0.0,0.0,0.0
7474,0.0,-1.055,191.13,0.0,0.0,0.0,0.0
7475,0.0,-0.077,361.21,0.0,0.0,0.0,0.0
7476,0.0,-2.924,74.53,0.0,0.0,0.0,0.0
7477,0.0,-2.133,562.17,0.0,0.0,0.0,0.0
7478,0.0,0.714,92.51,0.0,0.0,0.0,0.0
7479,0.0,2.096,856.98,0.0,0.0,0.0,0.0
7480,0.0,1.398,181.51,0.0,0.0,0.0,0.0
7481,0.0,1.949,213.81,0.0,0.0,0.0,0.0
7482,0.0,1.904,399.79,0.0,0.0,0.0,0.0
7483,0.0,-1.429,194.65,0.0,0.0,0.0,0.0
7484,0.0,-0.036,76.29,0.0,0.0,0.0,0.0
7485,0.0,-0.592,2547.65,0.0,0.0,0.0,0.0
7486,0.0,1.617,1312.89,0.0,0.0,0.0,0.0
7487,0.0,-1.931,1065.1,0.0,0.0,0.0,0.0
7488,0.0,-0.19,543.79,0.0,0.0,0.0,0.0
7489,0.0,0.175,587.23,0.0,0.0,0.0,0.0
7490,0.0,0.609,124.32,0.0,0.0,0.0,0.0
7491,0.0,-1.348,730.89,0.0,0.0,0.0,0.0
7492,0.0,-1.1,347.45,0.0,0.0,0.0,0.0
7493,0.0,1.459,866.48,0.0,0.0,0.0,0.0
7494,0.0,-0.132,2921.18,0.0,0.0,0.0,0.0
7495,0.0,-0.078,1038.45,0.0,0.0,0.0,0.0
7496,0.0,-2.491,318.48,0.0,0.0,0.0,0.0
7497,0.0,1.747,765.91,0.0,0.0,0.0,0.0
7498,0.0,-2.78,62.55,0.0,0.0,0.0,0.0
7499,0.0,1.4,697.97,0.0,0.0,0.0,0.0
7500,0.0,1.196,235.07,0.0,0.0,0.0,0.0
7501,0.0,1.61,1029.61,0.0,0.0,0.0,0.0
7502,0.0,-1.167,209.87,0.0,0.0,0.0,0.0
7503,0.0,0.836,774.26,0.0,0.0,0.0,0.0
7504,0.0,1.153,22.68,0.0,0.0,0.0,0.0
7505,0.0,-2.147,661.61,0.0,0.0,0.0,0.0
7506,0.0,-2.4,258.97,0.0,0.0,0.0,0.0
7507,0.0,1.861,81.4,0.0,0.0,0.0,0.0
7508,0.0,0.838,368.12,0.0,0.0,0.0,0.0
7509,0.0,1.871,168.9,0.0,0.0,0.0,0.0
7510,0.0,-2.682,335.09,0.0,0.0,0.0,0.0
7511,0.0,-0.618,451.74,0.0,0.0,0.0,0.0
7512,0.0,-0.038,67.95,0.0,0.0,0.0,0.0
7513,0.0,-1.305,494.22,0.0,0.0,0.0,0.0
7514,0.0,-1.152,318.38,0.0,0.0,0.0,0.0
7515,0.0,2.188,2306.46,0.0,0.0,0.0,0.0
7516,0.0,0.414,278.61,0.0,0.0,0.0,0.0
7517,0.0,3.087,210.61,0.0,0.0,0.0,0.0
7518,0.0,-1.498,1840.54,0.0,0.0,0.0,0.0
7519,0.0,2.386,581.51,0.0,0.0,0.0,0.0
7520,0.0,-1.776,827.81,0.0,0.0,0.0,0.0
7521,0.0,-0.698,239.04,0.0,0.0,0.0,0.0
7522,0.0,2.357,1367.36,0.0,0.0,0.0,0.0
7523,0.0,2.052,238.7,0.0,0.0,0.0,0.0
7524,0.0,1.255,114.69,0.0,0.0,0.0,0.0
7525,0.0,2.438,450.99,0.0,0.0,0.0,0.0
7526,0.0,0.531,168.57,0.0,0.0,0.0,0.0
7527,0.0,1.761,194.32,0.0,0.0,0.0,0.0
7528,0.0,-0.733,1242.1,0.0,0.0,0.0,0.0
7529,0.0,1.745,11.86,0.0,0.0,0.0,0.0
7530,0.0,3.008,494.73,0.0,0.0,0.0,0.0
7531,0.0,-0.613,1323.67,0.0,0.0,0.0,0.0
7532,0.0,-0.161,802.2,0.0,0.0,0.0,0.0
7533,0.0,1.661,885.44,0.0,0.0,0.0,0.0
7534,0.0,-2.613,1490.27,0.0,0.0,0.0,0.0
7535,0.0,-0.503,2218.85,0.0,0.0,0.0,0.0
7536,0.0,3.051,833.0,0.0,0.0,0.0,0.0
7537,0.0,-0.003,786.48,0.0,0.0,0.0,0.0
7538,0.0,-3.115,45.17,0.0,0.0,0.0,0.0
7539,0.0,0.623,359.19,0.0,0.0,0.0,0.0
7540,0.0,-2.839,174.27,0.0,0.0,0.0,0.0
7541,0.0,-1.457,1587.57,0.0,0.0,0.0,0.0
7542,0.0,-1.924,139.8,0.0,0.0,0.0,0.0
7543,0.0,-2.303,1699.19,0.0,0.0,0.0,0.0
7544,0.0,-2.813,215.14,0.0,0.0,0.0,0.0
7545,0.0,-0.287,281.23,0.0,0.0,0.0,0.0
7546,0.0,2.068,53.34,0.0,0.0,0.0,0.0
7547,0.0,2.921,686.65,0.0,0.0,0.0,0.0
7548,0.0,-0.214,667.33,0.0,0.0,0.0,0.0
7549,0.0,-2.202,383.16,0.0,0.0,0.0,0.0
7550,0.0,-2.332,1527.03,0.0,0.0,0.0,0.0
7551,0.0,1.584,743.98,0.0,0.0,0.0,0.0
7552,0.0,0.969,167.13,0.0,0.0,0.0,0.0
7553,0.0,2.961,307.05,0.0,0.0,0.0,0.0
7554,0.0,2.458,187.69,0.0,0.0,0.0,0.0
7555,0.0,2.853,138.4,0.0,0.0,0.0,0.0
7556,0.0,1.621,546.69,0.0,0.0,0.0,0.0
7557,0.0,-0.097,168.2,0.0,0.0,0.0,0.0
7558,0.0,1.273,405.57,0.0,0.0,0.0,0.0
7559,0.0,0.952,6.08,0.0,0.0,0.0,0.0
7560,0.0,1.453,423.33,0.0,0.0,0.0,0.0
7561,0.0,-1.01,479.25,0.0,0.0,0.0,0.0
7562,0.0,-1.15,103.55,0.0,0.0,0.0,0.0
7563,0.0,3.064,464.92,0.0,0.0,0.0,0.0
7564,0.0,-2.59,147.07,0.0,0.0,0.0,0.0
7565,0.0,2.671,2415.28,0.0,0.0,0.0,0.0
7566,0.0,1.521,41.42,0.0,0.0,0.0,0.0
7567,0.0,0.792,725.32,0.0,0.0,0.0,0.0
7568,0.0,-2.456,474.18,0.0,0.0,0.0,0.0
7569,0.0,-0.265,141.93,0.0,0.0,0.0,0.0
7570,0.0,2.547,221.78,0.0,0.0,0.0,0.0
7571,0.0,-0.417,170.28,0.0,0.0,0.0,0.0
7572,0.0,1.688,1704.23,0.0,0.0,0.0,0.0
7573,0.0,0.633,316.44,0.0,0.0,0.0,0.0
7574,0.0,2.634,905.36,0.0,0.0,0.0,0.0
7575,0.0,2.503,286.13,0.0,0.0,0.0,0.0
7576,0.0,2.167,1201.45,0.0,0.0,0.0,0.0
7577,0.0,1.218,203.35,0.0,0.0,0.0,0.0
7578,0.0,-0.016,1762.93,0.0,0.0,0.0,0.0
7579,0.0,0.082,347.79,0.0,0.0,0.0,0.0
7580,0.0,-0.435,194.06,0.0,0.0,0.0,0.0
7581,0.0,-2.886,240.4,0.0,0.0,0.0,0.0
7582,0.0,-1.72,1119.66,0.0,0.0,0.0,0.0
7583,0.0,1.199,359.09,0.0,0.0,0.0,0.0
7584,0.0,2.962,2124.49,0.0,0.0,0.0,0.0
7585,0.0,1.834,449.53,0.0,0.0,0.0,0.0
7586,0.0,-1.295,138.77,0.0,0.0,0.0,0.0
7587,0.0,1.036,107.21,0.0,0.0,0.0,0.0
7588,0.0,-2.647,501.01,0.0,0.0,0.0,0.0
7589,0.0,-0.32,316.99,0.0,0.0,0.0,0.0
7590,0.0,0.916,485.62,0.0,0.0,0.0,0.0
7591,0.0,0.147,244.26,0.0,0.0,0.0,0.0
7592,0.0,2.526,278.34,0.0,0.0,0.0,0.0
7593,0.0,0.661,251.09,0.0,0.0,0.0,0.0
7594,0.0,3.084,471.5,0.0,0.0,0.0,0.0
7595,0.0,0.973,2604.42,0.0,0.0,0.0,0.0
7596,0.0,-0.841,89.75,0.0,0.0,0.0,0.0
7597,0.0,0.873,604.57,0.0,0.0,0.0,0.0
7598,0.0,-2.501,196.48,0.0,0.0,0.0,0.0
7599,0.0,-0.524,156.98,0.0,0.0,0.0,0.0
7600,0.0,-2.227,490.7,0.0,0.0,0.0,0.0
7601,0.0,2.342,105.57,0.0,0.0,0.0,0.0
7602,0.0,-0.219,453.58,0.0,0.0,0.0,0.0
7603,0.0,-0.944,423.08,0.0,0.0,0.0,0.0
7604,0.0,0.68,369.84,0.0,0.0,0.0,0.0
7605,0.0,2.848,1236.32,0.0,0.0,0.0,0.0
7606,0.0,-0.554,90.48,0.0,0.0,0.0,0.0
7607,0.0,1.058,47.5,0.0,0.0,0.0,0.0
7608,0.0,2.691,579.56,0.0,0.0,0.0,0.0
7609,0.0,0.352,144.29,0.0,0.0,0.0,0.0
7610,0.0,0.005,1359.21,0.0,0.0,0.0,0.0
7611,0.0,0.716,212.34,0.0,0.0,0.0,0.0
7612,0.0,0.032,362.26,0.0,0.0,0.0,0.0
7613,0.0,-1.284,251.61,0.0,0.0,0.0,0.0
7614,0.0,0.098,42.32,0.0,0.0,0.0,0.0
7615,0.0,-0.106,346.73,0.0,0.0,0.0,0.0
7616,0.0,-0.44,316.19,0.0,0.0,0.0,0.0
7617,0.0,-0.972,1477.9,0.0,0.0,0.0,0.0
7618,0.0,-1.149,203.22,0.0,0.0,0.0,0.0
7619,0.0,2.809,1863.88,0.0,0.0,0.0,0.0
7620,0.0,0.022,67.15,0.0,0.0,0.0,0.0
7621,0.0,3.12,1048.76,0.0,0.0,0.0,0.0
7622,0.0,-1.352,187.21,0.0,0.0,0.0,0.0
7623,0.0,-1.923,44.84,0.0,0.0,0.0,0.0
7624,0.0,-0.339,1101.21,0.0,0.0,0.0,0.0
7625,0.0,-0.38,1643.03,0.0,0.0,0.0,0.0
7626,0.0,1.66,332.44,0.0,0.0,0.0,0.0
7627,0.0,-0.064,74.01,0.0,0.0,0.0,0.0
7628,0.0,2.448,1293.75,0.0,0.0,0.0,0.0
7629,0.0,0.423,120.57,0.0,0.0,0.0,0.0
7630,0.0,2.82,594.1,0.0,0.0,0.0,0.0
7631,0.0,2.665,407.43,0.0,0.0,0.0,0.0
7632,0.0,-0.952,2333.43,0.0,0.0,0.0,0.0
7633,0.0,1.927,475.74,0.0,0.0,0.0,0.0
7634,0.0,2.354,692.22,0.0,0.0,0.0,0.0
7635,0.0,-1.434,586.47,0.0,0.0,0.0,0.0
7636,0.0,2.187,1239.22,0.0,0.0,0.0,0.0
7637,0.0,2.47,71.39,0.0,0.0,0.0,0.0
7638,0.0,2.444,775.61,0.0,0.0,0.0,0.0
7639,0.0,-2.57,88.83,0.0,0.0,0.0,0.0
7640,0.0,-0.848,1376.51,0.0,0.0,0.0,0.0
7641,0.0,0.236,2781.96,0.0,0.0,0.0,0.0
7642,0.0,-2.277,611.51,0.0,0.0,0.0,0.0
7643,0.0,1.581,912.66,0.0,0.0,0.0,0.0
7644,0.0,-2.865,2121.19,0.0,0.0,0.0,0.0
7645,0.0,-1.084,2018.74,0.0,0.0,0.0,0.0
7646,0.0,-2.562,3245.26,0.0,0.0,0.0,0.0
7647,0.0,-0.783,656.81,0.0,0.0,0.0,0.0
7648,0.0,0.06,25.78,0.0,0.0,0.0,0.0
7649,0.0,-0.238,222.58,0.0,0.0,0.0,0.0
7650,0.0,-1.294,1763.78,0.0,0.0,0.0,0.0
7651,0.0,-1.23,51.34,0.0,0.0,0.0,0.0
7652,0.0,1.657,239.16,0.0,0.0,0.0,0.0
7653,0.0,0.628,197.06,0.0,0.0,0.0,0.0
7654,0.0,-0.18,309.3,0.0,0.0,0.0,0.0
7655,0.0,0.97,340.61,0.0,0.0,0.0,0.0
7656,0.0,-0.656,398.58,0.0,0.0,0.0,0.0
7657,0.0,2.697,57.8,0.0,0.0,0.0,0.0
7658,0.0,3.022,542.73,0.0,0.0,0.0,0.0
7659,0.0,2.148,378.55,0.0,0.0,0.0,0.0
7660,0.0,0.489,206.67,0.0,0.0,0.0,0.0
7661,0.0,-0.77,270.92,0.0,0.0,0.0,0.0
7662,0.0,0.86,1076.43,0.0,0.0,0.0,0.0
7663,0.0,-1.369,6.98,0.0,0.0,0.0,0.0
7664,0.0,1.635,222.08,0.0,0.0,0.0,0.0
7665,0.0,-0.324,272.68,0.0,0.0,0.0,0.0
7666,0.0,0.02,156.18,0.0,0.0,0.0,0.0
7667,0.0,-0.911,117.07,0.0,0.0,0.0,0.0
7668,0.0,0.588,42.67,0.0,0.0,0.0,0.0
7669,0.0,3.039,1024.63,0.0,0.0,0.0,0.0
7670,0.0,-1.953,88.8,0.0,0.0,0.0,0.0
7671,0.0,-2.166,167.53,0.0,0.0,0.0,0.0
7672,0.0,-1.298,1185.05,0.0,0.0,0.0,0.0
7673,0.0,-1.08,1611.11,0.0,0.0,0.0,0.0
7674,0.0,-2.074,414.11,0.0,0.0,0.0,0.0
7675,0.0,2.178,1880.34,0.0,0.0,0.0,0.0
7676,0.0,-1.857,211.21,0.0,0.0,0.0,0.0
7677,0.0,0.393,598.03,0.0,0.0,0.0,0.0
7678,0.0,2.661,395.26,0.0,0.0,0.0,0.0
7679,0.0,1.098,325.58,0.0,0.0,0.0,0.0
7680,0.0,0.764,881.22,0.0,0.0,0.0,0.0
7681,0.0,-1.284,331.23,0.0,0.0,0.0,0.0
7682,0.0,-2.435,236.67,0.0,0.0,0.0,0.0
7683,0.0,-0.077,970.57,0.0,0.0,0.0,0.0
7684,0.0,-2.443,203.44,0.0,0.0,0.0,0.0
7685,0.0,-2.958,336.32,0.0,0.0,0.0,0.0
7686,0.0,-2.712,708.21,0.0,0.0,0.0,0.0
7687,0.0,-1.2,292.48,0.0,0.0,0.0,0.0
7688,0.0,0.526,328.15,0.0,0.0,0.0,0.0
7689,0.0,1.398,81.04,0.0,0.0,0.0,0.0
7690,0.0,1.725,656.21,0.0,0.0,0.0,0.0
7691,0.0,2.079,236.08,0.0,0.0,0.0,0.0
7692,0.0,0.748,3425.53,0.0,0.0,0.0,0.0
7693,0.0,1.757,127.94,0.0,0.0,0.0,0.0
7694,0.0,-1.894,88.45,0.0,0.0,0.0,0.0
7695,0.0,2.29,583.78,0.0,0.0,0.0,0.0
7696,0.0,-1.934,237.55,0.0,0.0,0.0,0.0
7697,0.0,-2.396,365.61,0.0,0.0,0.0,0.0
7698,0.0,0.686,107.72,0.0,0.0,0.0,0.0
7699,0.0,-2.563,172.71,0.0,0.0,0.0,0.0
7700,0.0,-2.13,278.05,0.0,0.0,0.0,0.0
7701,0.0,-2.037,639.32,0.0,0.0,0.0,0.0
7702,0.0,0.31,132.71,0.0,0.0,0.0,0.0
7703,0.0,1.776,2051.54,0.0,0.0,0.0,0.0
7704,0.0,-2.429,8.4,0.0,0.0,0.0,0.0
7705,0.0,2.558,1303.98,0.0,0.0,0.0,0.0
7706,0.0,1.935,292.51,0.0,0.0,0.0,0.0
7707,0.0,2.163,2426.23,0.0,0.0,0.0,0.0
7708,0.0,-2.741,366.78,0.0,0.0,0.0,0.0
7709,0.0,0.206,40.6,0.0,0.0,0.0,0.0
7710,0.0,-1.038,212.68,0.0,0.0,0.0,0.0
7711,0.0,2.83,726.67,0.0,0.0,0.0,0.0
7712,0.0,-0.287,233.74,0.0,0.0,0.0,0.0
7713,0.0,-2.278,422.46,0.0,0.0,0.0,0.0
7714,0.0,1.29,204.14,0.0,0.0,0.0,0.0
7715,0.0,2.953,930.04,0.0,0.0,0.0,0.0
7716,0.0,-2.461,1465.25,0.0,0.0,0.0,0.0
7717,0.0,2.692,306.53,0.0,0.0,0.0,0.0
7718,0.0,-0.721,885.86,0.0,0.0,0.0,0.0
7719,0.0,-2.029,501.61,0.0,0.0,0.0,0.0
7720,0.0,-0.27,115.83,0.0,0.0,0.0,0.0
7721,0.0,-2.301,91.65,0.0,0.0,0.0,0.0
7722,0.0,2.614,179.77,0.0,0.0,0.0,0.0
7723,0.0,-0.472,1905.53,0.0,0.0,0.0,0.0
7724,0.0,-2.675,2679.82,0.0,0.0,0.0,0.0
7725,0.0,-1.47,321.44,0.0,0.0,0.0,0.0
7726,0.0,1.474,2032.13,0.0,0.0,0.0,0.0
7727,0.0,1.766,135.83,0.0,0.0,0.0,0.0
7728,0.0,-0.549,809.69,0.0,0.0,0.0,0.0
7729,0.0,-0.82,59.28,0.0,0.0,0.0,0.0
7730,0.0,-0.269,461.77,0.0,0.0,0.0,0.0
7731,0.0,1.167,3087.83,0.0,0.0,0.0,0.0
7732,0.0,-1.182,199.05,0.0,0.0,0.0,0.0
7733,0.0,-2.782,482.19,0.0,0.0,0.0,0.0
7734,0.0,-2.973,394.79,0.0,0.0,0.0,0.0
7735,0.0,-1.913,711.8,0.0,0.0,0.0,0.0
7736,0.0,1.819,184.31,0.0,0.0,0.0,0.0
7737,0.0,-3.084,119.44,0.0,0.0,0.0,0.0
7738,0.0,1.556,349.34,0.0,0.0,0.0,0.0
7739,0.0,0.021,283.14,0.0,0.0,0.0,0.0
7740,0.0,1.049,393.85,0.0,0.0,0.0,0.0
7741,0.0,2.582,25.39,0.0,0.0,0.0,0.0
7742,0.0,-1.15,1018.15,0.0,0.0,0.0,0.0
7743,0.0,-1.054,60.69,0.0,0.0,0.0,0.0
7744,0.0,0.566,523.43,0.0,0.0,0.0,0.0
7745,0.0,-2.523,82.19,0.0,0.0,0.0,0.0
7746,0.0,-1.499,50.5,0.0,0.0,0.0,0.0
7747,0.0,2.064,213.26,0.0,0.0,0.0,0.0
7748,0.0,-2.533,136.13,0.0,0.0,0.0,0.0
7749,0.0,2.2,96.78,0.0,0.0,0.0,0.0
7750,0.0,0.487,762.83,0.0,0.0,0.0,0.0
7751,0.0,0.168,228.37,0.0,0.0,0.0,0.0
7752,0.0,2.822,750.98,0.0,0.0,0.0,0.0
7753,0.0,3.01,131.78,0.0,0.0,0.0,0.0
7754,0.0,1.445,212.08,0.0,0.0,0.0,0.0
7755,0.0,-0.304,2377.02,0.0,0.0,0.0,0.0
7756,0.0,0.434,999.93,0.0,0.0,0.0,0.0
7757,0.0,0.588,141.26,0.0,0.0,0.0,0.0
7758,0.0,-1.232,271.71,0.0,0.0,0.0,0.0
7759,0.0,2.066,211.39,0.0,0.0,0.0,0.0
7760,0.0,-1.873,465.63,0.0,0.0,0.0,0.0
7761,0.0,2.273,889.49,0.0,0.0,0.0,0.0
7762,0.0,-2.208,871.65,0.0,0.0,0.0,0.0
7763,0.0,0.604,255.18,0.0,0.0,0.0,0.0
7764,0.0,1.698,805.73,0.0,0.0,0.0,0.0
7765,0.0,1.851,203.58,0.0,0.0,0.0,0.0
7766,0.0,-2.417,656.37,0.0,0.0,0.0,0.0
7767,0.0,-0.965,165.09,0.0,0.0,0.0,0.0
7768,0.0,2.352,395.62,0.0,0.0,0.0,0.0
7769,0.0,-0.695,42.03,0.0,0.0,0.0,0.0
7770,0.0,2.79,365.89,0.0,0.0,0.0,0.0
7771,0.0,1.84,285.74,0.0,0.0,0.0,0.0
7772,0.0,1.67,1902.6,0.0,0.0,0.0,0.0
7773,0.0,-1.254,1353.76,0.0,0.0,0.0,0.0
7774,0.0,-0.8,350.63,0.0,0.0,0.0,0.0
7775,0.0,-0.25,289.42,0.0,0.0,0.0,0.0
7776,0.0,1.115,576.5,0.0,0.0,0.0,0.0
7777,0.0,2.796,649.86,0.0,0.0,0.0,0.0
7778,0.0,1.206,1461.16,0.0,0.0,0.0,0.0
7779,0.0,2.671,505.37,0.0,0.0,0.0,0.0
7780,0.0,2.9,1289.76,0.0,0.0,0.0,0.0
7781,0.0,0.188,181.18,0.0,0.0,0.0,0.0
7782,0.0,1.781,1999.15,0.0,0.0,0.0,0.0
7783,0.0,2.761,283.95,0.0,0.0,0.0,0.0
7784,0.0,-2.003,995.97,0.0,0.0,0.0,0.0
7785,0.0,0.902,1128.72,0.0,0.0,0.0,0.0
7786,0.0,2.93,612.12,0.0,0.0,0.0,0.0
7787,0.0,-0.329,98.17,0.0,0.0,0.0,0.0
7788,0.0,0.25,198.51,0.0,0.0,0.0,0.0
7789,0.0,1.316,130.69,0.0,0.0,0.0,0.0
7790,0.0,-1.32,1970.46,0.0,0.0,0.0,0.0
7791,0.0,-1.37,294.98,0.0,0.0,0.0,0.0
7792,0.0,-2.142,99.53,0.0,0.0,0.0,0.0
7793,0.0,2.536,59.31,0.0,0.0,0.0,0.0
7794,0.0,-2.218,980.58,0.0,0.0,0.0,0.0
7795,0.0,-0.831,521.06,0.0,0.0,0.0,0.0
7796,0.0,-2.917,1328.97,0.0,0.0,0.0,0.0
7797,0.0,-1.644,1271.52,0.0,0.0,0.0,0.0
7798,0.0,-0.711,262.96,0.0,0.0,0.0,0.0
7799,0.0,-0.845,270.93,0.0,0.0,0.0,0.0
7800,0.0,-3.088,485.06,0.0,0.0,0.0,0.0
7801,0.0,1.562,117.65,0.0,0.0,0.0,0.0
7802,0.0,-2.751,40.6,0.0,0.0,0.0,0.0
7803,0.0,-2.332,1315.81,0.0,0.0,0.0,0.0
7804,0.0,-0.77,616.72,0.0,0.0,0.0,0.0
7805,0.0,1.968,179.49,0.0,0.0,0.0,0.0
7806,0.0,2.659,2179.61,0.0,0.0,0.0,0.0
7807,0.0,1.539,400.66,0.0,0.0,0.0,0.0
7808,0.0,1.978,623.17,0.0,0.0,0.0,0.0
7809,0.0,1.675,400.33,0.0,0.0,0.0,0.0
7810,0.0,-1.788,101.93,0.0,0.0,0.0,0.0
7811,0.0,2.909,533.6,0.0,0.0,0.0,0.0
7812,0.0,0.821,1580.66,0.0,0.0,0.0,0.0
7813,0.0,-0.055,346.58,0.0,0.0,0.0,0.0
7814,0.0,0.794,523.88,0.0,0.0,0.0,0.0
7815,0.0,2.364,386.66,0.0,0.0,0.0,0.0
7816,0.0,-0.638,786.7,0.0,0.0,0.0,0.0
7817,0.0,1.729,533.64,0.0,0.0,0.0,0.0
7818,0.0,-0.813,2500.67,0.0,0.0,0.0,0.0
7819,0.0,2.94,173.13,0.0,0.0,0.0,0.0
7820,0.0,-0.908,289.67,0.0,0.0,0.0,0.0
7821,0.0,0.606,235.14,0.0,0.0,0.0,0.0
7822,0.0,0.272,598.55,0.0,0.0,0.0,0.0
7823,0.0,1.938,347.08,0.0,0.0,0.0,0.0
7824,0.0,1.353,225.79,0.0,0.0,0.0,0.0
7825,0.0,-1.311,1152.04,0.0,0.0,0.0,0.0
7826,0.0,2.53,1417.99,0.0,0.0,0.0,0.0
7827,0.0,2.089,491.84,0.0,0.0,0.0,0.0
7828,0.0,3.076,1672.16,0.0,0.0,0.0,0.0
7829,0.0,2.916,1596.75,0.0,0.0,0.0,0.0
7830,0.0,3.109,133.23,0.0,0.0,0.0,0.0
7831,0.0,-1.485,320.7,0.0,0.0,0.0,0.0
7832,0.0,1.212,415.37,0.0,0.0,0.0,0.0
7833,0.0,-0.959,1537.37,0.0,0.0,0.0,0.0
7834,0.0,3.121,101.32,0.0,0.0,0.0,0.0
7835,0.0,1.381,1279.26,0.0,0.0,0.0,0.0
7836,0.0,2.094,179.64,0.0,0.0,0.0,0.0
7837,0.0,-0.602,518.9,0.0,0.0,0.0,0.0
7838,0.0,2.44,1341.88,0.0,0.0,0.0,0.0
7839,0.0,1.642,1959.54,0.0,0.0,0.0,0.0
7840,0.0,2.939,121.55,0.0,0.0,0.0,0.0
7841,0.0,1.432,303.76,0.0,0.0,0.0,0.0
7842,0.0,-0.659,972.18,0.0,0.0,0.0,0.0
7843,0.0,0.825,386.48,0.0,0.0,0.0,0.0
7844,0.0,-2.444,56.26,0.0,0.0,0.0,0.0
7845,0.0,-2.608,255.21,0.0,0.0,0.0,0.0
7846,0.0,1.2,237.18,0.0,0.0,0.0,0.0
7847,0.0,2.08,729.85,0.0,0.0,0.0,0.0
7848,0.0,1.304,1626.64,0.0,0.0,0.0,0.0
7849,0.0,-1.541,2161.5,0.0,0.0,0.0,0.0
7850,0.0,0.937,243.82,0.0,0.0,0.0,0.0
7851,0.0,1.531,1230.29,0.0,0.0,0.0,0.0
7852,0.0,-0.135,1290.94,0.0,0.0,0.0,0.0
7853,0.0,1.591,319.05,0.0,0.0,0.0,0.0
7854,0.0,2.829,701.35,0.0,0.0,0.0,0.0
7855,0.0,-1.842,53.97,0.0,0.0,0.0,0.0
7856,0.0,1.644,177.15,0.0,0.0,0.0,0.0
7857,0.0,0.051,431.22,0.0,0.0,0.0,0.0
7858,0.0,-2.67,916.65,0.0,0.0,0.0,0.0
7859,0.0,-1.345,133.87,0.0,0.0,0.0,0.0
7860,0.0,0.704,25.97,0.0,0.0,0.0,0.0
7861,0.0,0.926,964.86,0.0,0.0,0.0,0.0
7862,0.0,-1.342,174.69,0.0,0.0,0.0,0.0
7863,0.0,2.389,463.53,0.0,0.0,0.0,0.0
7864,0.0,-2.897,1436.85,0.0,0.0,0.0,0.0
7865,0.0,0.1,502.94,0.0,0.0,0.0,0.0
7866,0.0,1.454,1698.91,0.0,0.0,0.0,0.0
7867,0.0,-1.773,986.97,0.0,0.0,0.0,0.0
7868,0.0,-1.301,482.32,0.0,0.0,0.0,0.0
7869,0.0,-2.679,196.65,0.0,0.0,0.0,0.0
7870,0.0,2.596,194.19,0.0,0.0,0.0,0.0
7871,0.0,-2.548,427.08,0.0,0.0,0.0,0.0
7872,0.0,1.794,69.29,0.0,0.0,0.0,0.0
7873,0.0,1.168,225.54,0.0,0.0,0.0,0.0
7874,0.0,0.473,298.93,0.0,0.0,0.0,0.0
7875,0.0,0.022,749.88,0.0,0.0,0.0,0.0
7876,0.0,1.373,247.28,0.0,0.0,0.0,0.0
7877,0.0,1.764,543.22,0.0,0.0,0.0,0.0
7878,0.0,-0.471,33.23,0.0,0.0,0.0,0.0
7879,0.0,-2.524,411.26,0.0,0.0,0.0,0.0
7880,0.0,0.167,509.28,0.0,0.0,0.0,0.0
7881,0.0,-1.235,115.6,0.0,0.0,0.0,0.0
7882,0.0,-0.405,66.12,0.0,0.0,0.0,0.0
7883,0.0,-1.965,181.28,0.0,0.0,0.0,0.0
7884,0.0,-0.243,821.92,0.0,0.0,0.0,0.0
7885,0.0,2.565,97.47,0.0,0.0,0.0,0.0
7886,0.0,0.55,578.06,0.0,0.0,0.0,0.0
7887,0.0,-2.986,204.09,0.0,0.0,0.0,0.0
7888,0.0,-3.038,168.94,0.0,0.0,0.0,0.0
7889,0.0,-2.614,404.96,0.0,0.0,0.0,0.0
7890,0.0,-1.65,22.32,0.0,0.0,0.0,0.0
7891,0.0,1.184,867.96,0.0,0.0,0.0,0.0
7892,0.0,-2.643,397.4,0.0,0.0,0.0,0.0
7893,0.0,-3.091,372.51,0.0,0.0,0.0,0.0
7894,0.0,0.875,148.3,0.0,0.0,0.0,0.0
7895,0.0,2.249,724.46,0.0,0.0,0.0,0.0
7896,0.0,-2.593,1860.17,0.0,0.0,0.0,0.0
7897,0.0,3.042,2945.75,0.0,0.0,0.0,0.0
7898,0.0,-0.489,406.54,0.0,0.0,0.0,0.0
7899,0.0,-1.164,145.8,0.0,0.0,0.0,0.0
7900,0.0,3.035,1229.37,0.0,0.0,0.0,0.0
7901,0.0,2.656,1114.08,0.0,0.0,0.0,0.0
7902,0.0,-1.755,1290.16,0.0,0.0,0.0,0.0
7903,0.0,-0.326,703.71,0.0,0.0,0.0,0.0
7904,0.0,-0.617,1148.95,0.0,0.0,0.0,0.0
7905,0.0,-2.086,539.59,0.0,0.0,0.0,0.0
7906,0.0,1.711,279.29,0.0,0.0,0.0,0.0
7907,0.0,-1.772,151.77,0.0,0.0,0.0,0.0
7908,0.0,2.737,432.1,0.0,0.0,0.0,0.0
7909,0.0,-3.133,1434.87,0.0,0.0,0.0,0.0
7910,0.0,1.413,1545.67,0.0,0.0,0.0,0.0
7911,0.0,2.503,636.96,0.0,0.0,0.0,0.0
7912,0.0,-0.911,440.29,0.0,0.0,0.0,0.0
7913,0.0,-1.827,526.67,0.0,0.0,0.0,0.0
7914,0.0,2.772,145.6,0.0,0.0,0.0,0.0
7915,0.0,-1.024,1098.37,0.0,0.0,0.0,0.0
7916,0.0,1.188,1877.23,0.0,0.0,0.0,0.0
7917,0.0,2.171,57.34,0.0,0.0,0.0,0.0
7918,0.0,1.22,309.9,0.0,0.0,0.0,0.0
7919,0.0,0.644,1053.65,0.0,0.0,0.0,0.0
7920,0.0,-2.834,1254.84,0.0,0.0,0.0,0.0
7921,0.0,0.841,342.87,0.0,0.0,0.0,0.0
7922,0.0,-1.741,61.35,0.0,0.0,0.0,0.0
7923,0.0,2.454,314.07,0.0,0.0,0.0,0.0
7924,0.0,-0.058,426.82,0.0,0.0,0.0,0.0
7925,0.0,-1.234,31.83,0.0,0.0,0.0,0.0
7926,0.0,1.47,41.45,0.0,0.0,0.0,0.0
7927,0.0,-1.764,177.02,0.0,0.0,0.0,0.0
7928,0.0,0.884,318.38,0.0,0.0,0.0,0.0
7929,0.0,0.453,1151.34,0.0,0.0,0.0,0.0
7930,0.0,2.992,187.94,0.0,0.0,0.0,0.0
7931,0.0,1.721,92.4,0.0,0.0,0.0,0.0
7932,0.0,-1.985,462.94,0.0,0.0,0.0,0.0
7933,0.0,0.818,1537.59,0.0,0.0,0.0,0.0
7934,0.0,1.606,1225.82,0.0,0.0,0.0,0.0
7935,0.0,-3.087,700.51,0.0,0.0,0.0,0.0
7936,0.0,1.065,2596.02,0.0,0.0,0.0,0.0
7937,0.0,1.643,140.47,0.0,0.0,0.0,0.0
7938,0.0,2.641,642.27,0.0,0.0,0.0,0.0
7939,0.0,-1.376,310.98,0.0,0.0,0.0,0.0
7940,0.0,-0.935,677.93,0.0,0.0,0.0,0.0
7941,0.0,-0.506,446.89,0.0,0.0,0.0,0.0
7942,0.0,2.077,565.75,0.0,0.0,0.0,0.0
7943,0.0,-1.971,420.69,0.0,0.0,0.0,0.0
7944,0.0,-2.94,1734.87,0.0,0.0,0.0,0.0
7945,0.0,-2.463,704.1,0.0,0.0,0.0,0.0
7946,0.0,2.715,393.93,0.0,0.0,0.0,0.0
7947,0.0,1.992,88.03,0.0,0.0,0.0,0.0
7948,0.0,-2.516,208.65,0.0,0.0,0.0,0.0
7949,0.0,-1.733,483.9,0.0,0.0,0.0,0.0
7950,0.0,-0.672,201.79,0.0,0.0,0.0,0.0
7951,0.0,-0.207,56.7,0.0,0.0,0.0,0.0
7952,0.0,0.649,279.35,0.0,0.0,0.0,0.0
7953,0.0,1.081,693.56,0.0,0.0,0.0,0.0
7954,0.0,-2.044,120.98,0.0,0.0,0.0,0.0
7955,0.0,-1.733,48.82,0.0,0.0,0.0,0.0
7956,0.0,1.419,766.27,0.0,0.0,0.0,0.0
7957,0.0,-0.125,330.43,0.0,0.0,0.0,0.0
7958,0.0,0.777,338.08,0.0,0.0,0.0,0.0
7959,0.0,0.363,1028.85,0.0,0.0,0.0,0.0
7960,0.0,-2.756,671.29,0.0,0.0,0.0,0.0
7961,0.0,0.784,1071.2,0.0,0.0,0.0,0.0
7962,0.0,1.36,239.93,0.0,0.0,0.0,0.0
7963,0.0,-2.073,1249.71,0.0,0.0,0.0,0.0
7964,0.0,-1.547,303.67,0.0,0.0,0.0,0.0
7965,0.0,-0.447,88.73,0.0,0.0,0.0,0.0
7966,0.0,0.114,1832.66,0.0,0.0,0.0,0.0
7967,0.0,3.04,232.6,0.0,0.0,0.0,0.0
7968,0.0,3.071,188.49,0.0,0.0,0.0,0.0
7969,0.0,0.282,678.64,0.0,0.0,0.0,0.0
7970,0.0,-3.127,218.24,0.0,0.0,0.0,0.0
7971,0.0,-2.623,819.17,0.0,0.0,0.0,0.0
7972,0.0,2.881,185.17,0.0,0.0,0.0,0.0
7973,0.0,-1.871,552.7,0.0,0.0,0.0,0.0
7974,0.0,-0.629,250.32,0.0,0.0,0.0,0.0
7975,0.0,1.55,256.29,0.0,0.0,0.0,0.0
7976,0.0,0.466,70.87,0.0,0.0,0.0,0.0
7977,0.0,2.899,868.46,0.0,0.0,0.0,0.0
7978,0.0,-3.126,78.73,0.0,0.0,0.0,0.0
7979,0.0,-0.182,418.83,0.0,0.0,0.0,0.0
7980,0.0,1.916,912.74,0.0,0.0,0.0,0.0
7981,0.0,1.114,638.82,0.0,0.0,0.0,0.0
7982,0.0,1.677,1174.22,0.0,0.0,0.0,0.0
7983,0.0,-1.336,125.07,0.0,0.0,0.0,0.0
7984,0.0,-1.879,129.2,0.0,0.0,0.0,0.0
7985,0.0,-1.673,937.13,0.0,0.0,0.0,0.0
7986,0.0,1.041,418.86,0.0,0.0,0.0,0.0
7987,0.0,-0.15,1870.62,0.0,0.0,0.0,0.0
7988,0.0,-0.157,25.04,0.0,0.0,0.0,0.0
7989,0.0,-1.561,3305.99,0.0,0.0,0.0,0.0
7990,0.0,0.638,49.77,0.0,0.0,0.0,0.0
7991,0.0,2.061,198.56,0.0,0.0,0.0,0.0
7992,0.0,2.017,158.91,0.0,0.0,0.0,0.0
7993,0.0,-1.736,296.93,0.0,0.0,0.0,0.0
7994,0.0,-0.356,348.19,0.0,0.0,0.0,0.0
7995,0.0,-0.272,252.41,0.0,0.0,0.0,0.0
7996,0.0,-0.681,645.47,0.0,0.0,0.0,0.0
7997,0.0,1.269,379.35,0.0,0.0,0.0,0.0
7998,0.0,2.965,109.67,0.0,0.0,0.0,0.0
7999,0.0,1.357,903.5,0.0,0.0,0.0,0.0
8000,0.0,1.015,116.75,0.0,0.0,0.0,0.0
8001,0.0,1.93,433.62,0.0,0.0,0.0,0.0
8002,0.0,-0.485,156.91,0.0,0.0,0.0,0.0
8003,0.0,-1.738,280.67,0.0,0.0,0.0,0.0
8004,0.0,-1.13,340.5,0.0,0.0,0.0,0.0
8005,0.0,-1.434,149.76,0.0,0.0,0.0,0.0
8006,0.0,0.455,649.93,0.0,0.0,0.0,0.0
8007,0.0,-0.611,176.87,0.0,0.0,0.0,0.0
8008,0.0,1.086,902.8,0.0,0.0,0.0,0.0
8009,0.0,2.128,2678.29,0.0,0.0,0.0,0.0
8010,0.0,2.316,1573.75,0.0,0.0,0.0,0.0
8011,0.0,-1.327,188.19,0.0,0.0,0.0,0.0
8012,0.0,-0.32,102.95,0.0,0.0,0.0,0.0
8013,0.0,1.034,158.59,0.0,0.0,0.0,0.0
8014,0.0,0.062,225.2,0.0,0.0,0.0,0.0
8015,0.0,-2.719,129.47,0.0,0.0,0.0,0.0
8016,0.0,2.561,1004.32,0.0,0.0,0.0,0.0
8017,0.0,1.925,253.18,0.0,0.0,0.0,0.0
8018,0.0,-0.914,317.77,0.0,0.0,0.0,0.0
8019,0.0,-2.217,1249.22,0.0,0.0,0.0,0.0
8020,0.0,-2.47,300.66,0.0,0.0,0.0,0.0
8021,0.0,-1.991,318.15,0.0,0.0,0.0,0.0
8022,0.0,1.209,82.13,0.0,0.0,0.0,0.0
8023,0.0,1.412,571.76,0.0,0.0,0.0,0.0
8024,0.0,-1.873,135.69,0.0,0.0,0.0,0.0
8025,0.0,2.82,1139.79,0.0,0.0,0.0,0.0
8026,0.0,-1.749,990.36,0.0,0.0,0.0,0.0
8027,0.0,0.631,207.69,0.0,0.0,0.0,0.0
8028,0.0,-0.7,96.4,0.0,0.0,0.0,0.0
8029,0.0,-0.659,384.72,0.0,0.0,0.0,0.0
8030,0.0,-2.126,2354.92,0.0,0.0,0.0,0.0
8031,0.0,-1.838,232.65,0.0,0.0,0.0,0.0
8032,0.0,-0.928,93.25,0.0,0.0,0.0,0.0
8033,0.0,-2.339,115.12,0.0,0.0,0.0,0.0
8034,0.0,0.088,3042.38,0.0,0.0,0.0,0.0
8035,0.0,-0.524,558.68,0.0,0.0,0.0,0.0
8036,0.0,1.365,2133.4,0.0,0.0,0.0,0.0
8037,0.0,-2.13,317.08,0.0,0.0,0.0,0.0
8038,0.0,-2.248,173.95,0.0,0.0,0.0,0.0
8039,0.0,2.179,244.22,0.0,0.0,0.0,0.0
8040,0.0,-0.824,407.46,0.0,0.0,0.0,0.0
8041,0.0,-1.396,237.28,0.0,0.0,0.0,0.0
8042,0.0,0.423,2958.25,0.0,0.0,0.0,0.0
8043,0.0,0.021,1645.38,0.0,0.0,0.0,0.0
8044,0.0,-1.792,1811.88,0.0,0.0,0.0,0.0
8045,0.0,1.866,217.17,0.0,0.0,0.0,0.0
8046,0.0,3.024,213.08,0.0,0.0,0.0,0.0
8047,0.0,1.12,354.97,0.0,0.0,0.0,0.0
8048,0.0,-2.539,355.86,0.0,0.0,0.0,0.0
8049,0.0,-2.521,407.75,0.0,0.0,0.0,0.0
8050,0.0,0.394,86.44,0.0,0.0,0.0,0.0
8051,0.0,2.51,243.19,0.0,0.0,0.0,0.0
8052,0.0,2.002,478.1,0.0,0.0,0.0,0.0
8053,0.0,2.629,389.33,0.0,0.0,0.0,0.0
8054,0.0,0.904,255.37,0.0,0.0,0.0,0.0
8055,0.0,-0.285,2150.41,0.0,0.0,0.0,0.0
8056,0.0,-2.671,1164.14,0.0,0.0,0.0,0.0
8057,0.0,-0.194,233.4,0.0,0.0,0.0,0.0
8058,0.0,-1.818,295.11,0.0,0.0,0.0,0.0
8059,0.0,2.275,119.78,0.0,0.0,0.0,0.0
8060,0.0,-1.459,937.26,0.0,0.0,0.0,0.0
8061,0.0,0.282,172.74,0.0,0.0,0.0,0.0
8062,0.0,0.248,281.08,0.0,0.0,0.0,0.0
8063,0.0,2.077,308.0,0.0,0.0,0.0,0.0
8064,0.0,-3.141,604.97,0.0,0.0,0.0,0.0
8065,0.0,1.859,216.77,0.0,0.0,0.0,0.0
8066,0.0,2.161,118.74,0.0,0.0,0.0,0.0
8067,0.0,-2.436,320.27,0.0,0.0,0.0,0.0
8068,0.0,-1.808,633.94,0.0,0.0,0.0,0.0
8069,0.0,1.135,694.74,0.0,0.0,0.0,0.0
8070,0.0,-1.101,1659.45,0.0,0.0,0.0,0.0
8071,0.0,-1.328,895.15,0.0,0.0,0.0,0.0
8072,0.0,-2.306,1602.95,0.0,0.0,0.0,0.0
8073,0.0,0.413,485.61,0.0,0.0,0.0,0.0
8074,0.0,-2.295,1683.67,0.0,0.0,0.0,0.0
8075,0.0,-0.679,53.26,0.0,0.0,0.0,0.0
8076,0.0,0.108,162.99,0.0,0.0,0.0,0.0
8077,0.0,-1.007,1792.81,0.0,0.0,0.0,0.0
8078,0.0,-1.834,304.29,0.0,0.0,0.0,0.0
8079,0.0,2.804,223.56,0.0,0.0,0.0,0.0
8080,0.0,-2.551,133.69,0.0,0.0,0.0,0.0
8081,0.0,0.236,1228.74,0.0,0.0,0.0,0.0
8082,0.0,0.997,1604.45,0.0,0.0,0.0,0.0
8083,0.0,2.591,105.3,0.0,0.0,0.0,0.0
8084,0.0,-0.28,1064.27,0.0,0.0,0.0,0.0
8085,0.0,0.708,2841.68,0.0,0.0,0.0,0.0
8086,0.0,-2.755,843.5,0.0,0.0,0.0,0.0
8087,0.0,0.399,472.32,0.0,0.0,0.0,0.0
8088,0.0,-2.916,15.32,0.0,0.0,0.0,0.0
8089,0.0,0.329,316.93,0.0,0.0,0.0,0.0
8090,0.0,-0.377,287.84,0.0,0.0,0.0,0.0
8091,0.0,-0.424,1255.39,0.0,0.0,0.0,0.0
8092,0.0,0.54,517.89,0.0,0.0,0.0,0.0
8093,0.0,-0.311,468.11,0.0,0.0,0.0,0.0
8094,0.0,2.332,133.47,0.0,0.0,0.0,0.0
8095,0.0,1.368,449.41,0.0,0.0,0.0,0.0
8096,0.0,2.501,3117.61,0.0,0.0,0.0,0.0
8097,0.0,0.982,1137.72,0.0,0.0,0.0,0.0
8098,0.0,0.227,202.5,0.0,0.0,0.0,0.0
8099,0.0,-1.827,8.45,0.0,0.0,0.0,0.0
8100,0.0,1.839,386.85,0.0,0.0,0.0,0.0
8101,0.0,-1.415,220.85,0.0,0.0,0.0,0.0
8102,0.0,1.974,2233.05,0.0,0.0,0.0,0.0
8103,0.0,1.541,575.25,0.0,0.0,0.0,0.0
8104,0.0,3.047,730.65,0.0,0.0,0.0,0.0
8105,0.0,-0.29,354.06,0.0,0.0,0.0,0.0
8106,0.0,1.901,401.16,0.0,0.0,0.0,0.0
8107,0.0,-0.631,512.77,0.0,0.0,0.0,0.0
8108,0.0,2.259,1598.27,0.0,0.0,0.0,0.0
8109,0.0,2.583,84.77,0.0,0.0,0.0,0.0
8110,0.0,2.244,426.69,0.0,0.0,0.0,0.0
8111,0.0,2.351,189.22,0.0,0.0,0.0,0.0
8112,0.0,-2.386,513.41,0.0,0.0,0.0,0.0
8113,0.0,2.672,1153.85,0.0,0.0,0.0,0.0
8114,0.0,1.484,115.26,0.0,0.0,0.0,0.0
8115,0.0,1.688,173.21,0.0,0.0,0.0,0.0
8116,0.0,3.064,1828.35,0.0,0.0,0.0,0.0
8117,0.0,2.425,424.8,0.0,0.0,0.0,0.0
8118,0.0,2.671,404.7,0.0,0.0,0.0,0.0
8119,0.0,0.122,178.18,0.0,0.0,0.0,0.0
8120,0.0,-1.585,260.21,0.0,0.0,0.0,0.0
8121,0.0,2.718,402.3,0.0,0.0,0.0,0.0
8122,0.0,-3.068,85.81,0.0,0.0,0.0,0.0
8123,0.0,-1.845,110.02,0.0,0.0,0.0,0.0
8124,0.0,-0.168,173.34,0.0,0.0,0.0,0.0
8125,0.0,-1.415,37.39,0.0,0.0,0.0,0.0
8126,0.0,0.516,155.49,0.0,0.0,0.0,0.0
8127,0.0,-0.66,544.24,0.0,0.0,0.0,0.0
8128,0.0,1.787,122.8,0.0,0.0,0.0,0.0
8129,0.0,2.694,283.25,0.0,0.0,0.0,0.0
8130,0.0,0.407,2448.65,0.0,0.0,0.0,0.0
8131,0.0,2.316,231.84,0.0,0.0,0.0,0.0
8132,0.0,-0.784,222.98,0.0,0.0,0.0,0.0
8133,0.0,2.715,1902.29,0.0,0.0,0.0,0.0
8134,0.0,2.739,597.25,0.0,0.0,0.0,0.0
8135,0.0,-2.863,782.94,0.0,0.0,0.0,0.0
8136,0.0,0.852,585.37,0.0,0.0,0.0,0.0
8137,0.0,2.418,1176.32,0.0,0.0,0.0,0.0
8138,0.0,1.688,1479.6,0.0,0.0,0.0,0.0
8139,0.0,-2.268,236.14,0.0,0.0,0.0,0.0
8140,0.0,-2.803,357.36,0.0,0.0,0.0,0.0
8141,0.0,-3.034,390.96,0.0,0.0,0.0,0.0
8142,0.0,-2.74,1171.84,0.0,0.0,0.0,0.0
8143,0.0,2.27,478.04,0.0,0.0,0.0,0.0
8144,0.0,-2.362,155.07,0.0,0.0,0.0,0.0
8145,0.0,2.973,55.48,0.0,0.0,0.0,0.0
8146,0.0,-2.404,488.56,0.0,0.0,0.0,0.0
8147,0.0,1.996,96.43,0.0,0.0,0.0,0.0
8148,0.0,2.201,1537.52,0.0,0.0,0.0,0.0
8149,0.0,2.081,786.53,0.0,0.0,0.0,0.0
8150,0.0,-2.968,85.22,0.0,0.0,0.0,0.0
8151,0.0,0.024,209.09,0.0,0.0,0.0,0.0
8152,0.0,2.932,502.41,0.0,0.0,0.0,0.0
8153,0.0,-2.473,137.8,0.0,0.0,0.0,0.0
8154,0.0,-2.806,630.02,0.0,0.0,0.0,0.0
8155,0.0,2.637,156.75,0.0,0.0,0.0,0.0
8156,0.0,0.671,1125.75,0.0,0.0,0.0,0.0
8157,0.0,-0.475,505.5,0.0,0.0,0.0,0.0
8158,0.0,-0.939,1986.34,0.0,0.0,0.0,0.0
8159,0.0,-1.724,1991.35,0.0,0.0,0.0,0.0
8160,0.0,-1.323,399.72,0.0,0.0,0.0,0.0
8161,0.0,-0.39,269.28,0.0,0.0,0.0,0.0
8162,0.0,-2.547,435.22,0.0,0.0,0.0,0.0
8163,0.0,3.089,303.4,0.0,0.0,0.0,0.0
8164,0.0,0.731,74.82,0.0,0.0,0.0,0.0
8165,0.0,-1.106,218.96,0.0,0.0,0.0,0.0
8166,0.0,2.047,247.93,0.0,0.0,0.0,0.0
8167,0.0,1.385,878.31,0.0,0.0,0.0,0.0
8168,0.0,0.98,3619.43,0.0,0.0,0.0,0.0
8169,0.0,2.812,359.9,0.0,0.0,0.0,0.0
8170,0.0,-1.221,252.01,0.0,0.0,0.0,0.0
8171,0.0,3.009,1629.94,0.0,0.0,0.0,0.0
8172,0.0,1.379,863.39,0.0,0.0,0.0,0.0
8173,0.0,2.159,1542.89,0.0,0.0,0.0,0.0
8174,0.0,0.748,1391.49,0.0,0.0,0.0,0.0
8175,0.0,1.921,370.08,0.0,0.0,0.0,0.0
8176,0.0,2.236,578.32,0.0,0.0,0.0,0.0
8177,0.0,-2.379,657.45,0.0,0.0,0.0,0.0
8178,0.0,1.359,308.54,0.0,0.0,0.0,0.0
8179,0.0,0.589,893.24,0.0,0.0,0.0,0.0
8180,0.0,-0.937,92.63,0.0,0.0,0.0,0.0
8181,0.0,-2.838,939.88,0.0,0.0,0.0,0.0
8182,0.0,2.489,206.58,0.0,0.0,0.0,0.0
8183,0.0,2.838,73.53,0.0,0.0,0.0,0.0
8184,0.0,2.478,250.04,0.0,0.0,0.0,0.0
8185,0.0,-0.463,77.01,0.0,0.0,0.0,0.0
8186,0.0,3.063,245.36,0.0,0.0,0.0,0.0
8187,0.0,-2.256,500.33,0.0,0.0,0.0,0.0
8188,0.0,1.602,221.13,0.0,0.0,0.0,0.0
8189,0.0,1.792,77.61,0.0,0.0,0.0,0.0
8190,0.0,-2.033,151.41,0.0,0.0,0.0,0.0
8191,0.0,-0.699,628.64,0.0,0.0,0.0,0.0
8192,0.0,-0.236,895.08,0.0,0.0,0.0,0.0
8193,0.0,-1.779,1600.86,0.0,0.0,0.0,0.0
8194,0.0,2.995,154.1,0.0,0.0,0.0,0.0
8195,0.0,-1.145,190.83,0.0,0.0,0.0,0.0
8196,0.0,-1.649,250.43,0.0,0.0,0.0,0.0
8197,0.0,2.149,89.23,0.0,0.0,0.0,0.0
8198,0.0,0.716,558.73,0.0,0.0,0.0,0.0
8199,0.0,-1.967,207.41,0.0,0.0,0.0,0.0
8200,0.0,0.123,500.26,0.0,0.0,0.0,0.0
8201,0.0,2.777,172.02,0.0,0.0,0.0,0.0
8202,0.0,0.488,1069.56,0.0,0.0,0.0,0.0
8203,0.0,2.284,329.59,0.0,0.0,0.0,0.0
8204,0.0,-2.558,849.69,0.0,0.0,0.0,0.0
8205,0.0,1.392,524.97,0.0,0.0,0.0,0.0
8206,0.0,-2.336,285.94,0.0,0.0,0.0,0.0
8207,0.0,-1.012,363.35,0.0,0.0,0.0,0.0
8208,0.0,2.474,253.67,0.0,0.0,0.0,0.0
8209,0.0,-0.053,995.14,0.0,0.0,0.0,0.0
8210,0.0,-1.65,645.39,0.0,0.0,0.0,0.0
8211,0.0,-3.061,420.82,0.0,0.0,0.0,0.0
8212,0.0,-0.67,1201.56,0.0,0.0,0.0,0.0
8213,0.0,1.882,458.12,0.0,0.0,0.0,0.0
8214,0.0,-2.016,585.66,0.0,0.0,0.0,0.0
8215,0.0,1.629,2150.41,0.0,0.0,0.0,0.0
8216,0.0,-0.694,31.75,0.0,0.0,0.0,0.0
8217,0.0,-3.139,291.82,0.0,0.0,0.0,0.0
8218,0.0,-2.362,192.71,0.0,0.0,0.0,0.0
8219,0.0,2.417,204.63,0.0,0.0,0.0,0.0
8220,0.0,2.071,1922.35,0.0,0.0,0.0,0.0
8221,0.0,1.53,263.48,0.0,0.0,0.0,0.0
8222,0.0,0.507,816.15,0.0,0.0,0.0,0.0
8223,0.0,-2.775,999.96,0.0,0.0,0.0,0.0
8224,0.0,2.168,879.44,0.0,0.0,0.0,0.0
8225,0.0,0.66,683.35,0.0,0.0,0.0,0.0
8226,0.0,0.804,201.71,0.0,0.0,0.0,0.0
8227,0.0,-0.12,169.11,0.0,0.0,0.0,0.0
8228,0.0,-0.19,340.02,0.0,0.0,0.0,0.0
8229,0.0,2.16,197.02,0.0,0.0,0.0,0.0
8230,0.0,2.391,621.05,0.0,0.0,0.0,0.0
8231,0.0,-2.661,852.17,0.0,0.0,0.0,0.0
8232,0.0,-0.639,978.82,0.0,0.0,0.0,0.0
8233,0.0,2.646,106.59,0.0,0.0,0.0,0.0
8234,0.0,-0.528,565.45,0.0,0.0,0.0,0.0
8235,0.0,-2.695,450.9,0.0,0.0,0.0,0.0
8236,0.0,-1.791,389.58,0.0,0.0,0.0,0.0
8237,0.0,-1.684,1528.82,0.0,0.0,0.0,0.0
8238,0.0,1.298,250.69,0.0,0.0,0.0,0.0
8239,0.0,1.082,350.13,0.0,0.0,0.0,0.0
8240,0.0,1.981,371.84,0.0,0.0,0.0,0.0
8241,0.0,1.23,14.39,0.0,0.0,0.0,0.0
8242,0.0,-0.02,1340.95,0.0,0.0,0.0,0.0
8243,0.0,-1.109,450.17,0.0,0.0,0.0,0.0
8244,0.0,-0.265,1856.39,0.0,0.0,0.0,0.0
8245,0.0,0.609,85.24,0.0,0.0,0.0,0.0
8246,0.0,1.58,204.59,0.0,0.0,0.0,0.0
8247,0.0,-2.677,72.44,0.0,0.0,0.0,0.0
8248,0.0,-0.101,338.41,0.0,0.0,0.0,0.0
8249,0.0,-1.684,204.49,0.0,0.0,0.0,0.0
8250,0.0,-0.205,152.36,0.0,0.0,0.0,0.0
8251,0.0,-1.458,222.39,0.0,0.0,0.0,0.0
8252,0.0,-0.989,358.49,0.0,0.0,0.0,0.0
8253,0.0,1.825,2034.0,0.0,0.0,0.0,0.0
8254,0.0,-2.572,995.16,0.0,0.0,0.0,0.0
8255,0.0,-3.021,101.29,0.0,0.0,0.0,0.0
8256,0.0,2.95,515.81,0.0,0.0,0.0,0.0
8257,0.0,0.97,306.43,0.0,0.0,0.0,0.0
8258,0.0,0.205,514.52,0.0,0.0,0.0,0.0
8259,0.0,1.576,95.1,0.0,0.0,0.0,0.0
8260,0.0,2.443,62.65,0.0,0.0,0.0,0.0
8261,0.0,-2.997,2242.04,0.0,0.0,0.0,0.0
8262,0.0,-2.768,2552.76,0.0,0.0,0.0,0.0
8263,0.0,2.287,308.87,0.0,0.0,0.0,0.0
8264,0.0,2.967,169.1,0.0,0.0,0.0,0.0
8265,0.0,-2.936,1898.37,0.0,0.0,0.0,0.0
8266,0.0,1.353,296.38,0.0,0.0,0.0,0.0
8267,0.0,-2.365,43.84,0.0,0.0,0.0,0.0
8268,0.0,0.873,144.2,0.0,0.0,0.0,0.0
8269,0.0,0.434,2696.51,0.0,0.0,0.0,0.0
8270,0.0,2.043,1395.8,0.0,0.0,0.0,0.0
8271,0.0,0.3,257.85,0.0,0.0,0.0,0.0
8272,0.0,0.776,2358.75,0.0,0.0,0.0,0.0
8273,0.0,-1.459,306.44,0.0,0.0,0.0,0.0
8274,0.0,-1.755,489.22,0.0,0.0,0.0,0.0
8275,0.0,2.782,248.56,0.0,0.0,0.0,0.0
8276,0.0,2.69,33.12,0.0,0.0,0.0,0.0
8277,0.0,-2.543,345.78,0.0,0.0,0.0,0.0
8278,0.0,2.522,2210.97,0.0,0.0,0.0,0.0
8279,0.0,-1.174,151.26,0.0,0.0,0.0,0.0
8280,0.0,3.039,312.74,0.0,0.0,0.0,0.0
8281,0.0,2.37,3617.99,0.0,0.0,0.0,0.0
8282,0.0,-1.662,174.16,0.0,0.0,0.0,0.0
8283,0.0,3.088,427.05,0.0,0.0,0.0,0.0
8284,0.0,0.918,270.92,0.0,0.0,0.0,0.0
8285,0.0,0.664,579.86,0.0,0.0,0.0,0.0
8286,0.0,-0.916,438.24,0.0,0.0,0.0,0.0
8287,0.0,0.058,168.28,0.0,0.0,0.0,0.0
8288,0.0,0.367,1229.95,0.0,0.0,0.0,0.0
8289,0.0,-1.095,647.44,0.0,0.0,0.0,0.0
8290,0.0,2.312,2030.32,0.0,0.0,0.0,0.0
8291,0.0,2.752,165.55,0.0,0.0,0.0,0.0
8292,0.0,2.371,142.67,0.0,0.0,0.0,0.0
8293,0.0,0.16,1748.26,0.0,0.0,0.0,0.0
8294,0.0,1.63,597.69,0.0,0.0,0.0,0.0
8295,0.0,0.91,598.32,0.0,0.0,0.0,0.0
8296,0.0,0.744,325.68,0.0,0.0,0.0,0.0
8297,0.0,-0.12,342.74,0.0,0.0,0.0,0.0
8298,0.0,1.343,407.9,0.0,0.0,0.0,0.0
8299,0.0,1.376,199.69,0.0,0.0,0.0,0.0
8300,0.0,-0.146,680.22,0.0,0.0,0.0,0.0
8301,0.0,-2.421,1549.01,0.0,0.0,0.0,0.0
8302,0.0,1.178,211.96,0.0,0.0,0.0,0.0
8303,0.0,-1.91,119.27,0.0,0.0,0.0,0.0
8304,0.0,-2.827,909.79,0.0,0.0,0.0,0.0
8305,0.0,-1.106,86.69,0.0,0.0,0.0,0.0
8306,0.0,-2.408,414.12,0.0,0.0,0.0,0.0
8307,0.0,-1.431,188.1,0.0,0.0,0.0,0.0
8308,0.0,1.01,426.05,0.0,0.0,0.0,0.0
8309,0.0,-2.948,104.96,0.0,0.0,0.0,0.0
8310,0.0,1.275,556.16,0.0,0.0,0.0,0.0
8311,0.0,-2.34,462.25,0.0,0.0,0.0,0.0
8312,0.0,-2.544,49.63,0.0,0.0,0.0,0.0
8313,0.0,-1.959,1302.31,0.0,0.0,0.0,0.0
8314,0.0,-1.483,690.05,0.0,0.0,0.0,0.0
8315,0.0,-2.142,557.64,0.0,0.0,0.0,0.0
8316,0.0,-2.144,379.01,0.0,0.0,0.0,0.0
8317,0.0,0.256,256.42,0.0,0.0,0.0,0.0
8318,0.0,-0.01,32.2,0.0,0.0,0.0,0.0
8319,0.0,1.297,595.95,0.0,0.0,0.0,0.0
8320,0.0,-2.278,577.65,0.0,0.0,0.0,0.0
8321,0.0,0.075,374.76,0.0,0.0,0.0,0.0
8322,0.0,2.753,395.25,0.0,0.0,0.0,0.0
8323,0.0,0.291,386.67,0.0,0.0,0.0,0.0
8324,0.0,2.06,129.53,0.0,0.0,0.0,0.0
8325,0.0,-2.862,255.52,0.0,0.0,0.0,0.0
8326,0.0,-0.233,3145.24,0.0,0.0,0.0,0.0
8327,0.0,0.064,734.84,0.0,0.0,0.0,0.0
8328,0.0,-2.293,491.64,0.0,0.0,0.0,0.0
8329,0.0,-1.776,818.57,0.0,0.0,0.0,0.0
8330,0.0,-1.436,27.19,0.0,0.0,0.0,0.0
8331,0.0,-0.914,61.49,0.0,0.0,0.0,0.0
8332,0.0,-0.693,75.21,0.0,0.0,0.0,0.0
8333,0.0,2.71,718.7,0.0,0.0,0.0,0.0
8334,0.0,-1.906,227.32,0.0,0.0,0.0,0.0
8335,0.0,0.292,223.11,0.0,0.0,0.0,0.0
8336,0.0,-2.805,79.33,0.0,0.0,0.0,0.0
8337,0.0,0.215,81.19,0.0,0.0,0.0,0.0
8338,0.0,0.251,507.36,0.0,0.0,0.0,0.0
8339,0.0,-0.06,197.53,0.0,0.0,0.0,0.0
8340,0.0,-2.976,958.8,0.0,0.0,0.0,0.0
8341,0.0,0.822,59.29,0.0,0.0,0.0,0.0
8342,0.0,-0.604,106.47,0.0,0.0,0.0,0.0
8343,0.0,2.238,698.85,0.0,0.0,0.0,0.0
8344,0.0,-2.923,1385.54,0.0,0.0,0.0,0.0
8345,0.0,0.756,1075.12,0.0,0.0,0.0,0.0
8346,0.0,0.938,179.29,0.0,0.0,0.0,0.0
8347,0.0,-2.302,517.04,0.0,0.0,0.0,0.0
8348,0.0,-2.545,36.85,0.0,0.0,0.0,0.0
8349,0.0,0.309,285.4,0.0,0.0,0.0,0.0
8350,0.0,-1.735,2339.24,0.0,0.0,0.0,0.0
8351,0.0,-1.048,1203.85,0.0,0.0,0.0,0.0
8352,0.0,1.194,77.0,0.0,0.0,0.0,0.0
8353,0.0,2.212,261.08,0.0,0.0,0.0,0.0
8354,0.0,-2.293,416.22,0.0,0.0,0.0,0.0
8355,0.0,-2.471,192.44,0.0,0.0,0.0,0.0
8356,0.0,0.753,1872.53,0.0,0.0,0.0,0.0
8357,0.0,0.112,154.81,0.0,0.0,0.0,0.0
8358,0.0,-1.341,318.83,0.0,0.0,0.0,0.0
8359,0.0,-1.175,199.0,0.0,0.0,0.0,0.0
8360,0.0,1.795,1335.65,0.0,0.0,0.0,0.0
8361,0.0,0.12,259.4,0.0,0.0,0.0,0.0
8362,0.0,-0.545,67.98,0.0,0.0,0.0,0.0
8363,0.0,0.367,942.32,0.0,0.0,0.0,0.0
8364,0.0,-2.135,79.63,0.0,0.0,0.0,0.0
8365,0.0,2.632,159.91,0.0,0.0,0.0,0.0
8366,0.0,1.049,868.85,0.0,0.0,0.0,0.0
8367,0.0,1.707,591.19,0.0,0.0,0.0,0.0
8368,0.0,-1.464,769.13,0.0,0.0,0.0,0.0
8369,0.0,2.59,3000.86,0.0,0.0,0.0,0.0
8370,0.0,-2.555,153.86,0.0,0.0,0.0,0.0
8371,0.0,0.363,1261.86,0.0,0.0,0.0,0.0
8372,0.0,-0.523,481.2,0.0,0.0,0.0,0.0
8373,0.0,0.978,469.36,0.0,0.0,0.0,0.0
8374,0.0,0.565,871.16,0.0,0.0,0.0,0.0
8375,0.0,2.122,190.6,0.0,0.0,0.0,0.0
8376,0.0,-1.632,652.61,0.0,0.0,0.0,0.0
8377,0.0,-0.456,195.88,0.0,0.0,0.0,0.0
8378,0.0,-1.29,272.0,0.0,0.0,0.0,0.0
8379,0.0,-1.568,376.5,0.0,0.0,0.0,0.0
8380,0.0,1.194,833.8,0.0,0.0,0.0,0.0
8381,0.0,-2.993,917.15,0.0,0.0,0.0,0.0
8382,0.0,2.959,894.49,0.0,0.0,0.0,0.0
8383,0.0,-3.09,1480.13,0.0,0.0,0.0,0.0
8384,0.0,0.957,457.27,0.0,0.0,0.0,0.0
8385,0.0,-1.385,2863.72,0.0,0.0,0.0,0.0
8386,0.0,-1.488,1466.57,0.0,0.0,0.0,0.0
8387,0.0,0.633,2783.92,0.0,0.0,0.0,0.0
8388,0.0,-1.97,233.73,0.0,0.0,0.0,0.0
8389,0.0,-0.43,368.57,0.0,0.0,0.0,0.0
8390,0.0,-2.693,187.64,0.0,0.0,0.0,0.0
8391,0.0,-2.103,1812.62,0.0,0.0,0.0,0.0
8392,0.0,1.244,579.75,0.0,0.0,0.0,0.0
8393,0.0,-1.083,75.83,0.0,0.0,0.0,0.0
8394,0.0,0.658,1475.07,0.0,0.0,0.0,0.0
8395,0.0,0.422,504.36,0.0,0.0,0.0,0.0
8396,0.0,3.014,769.85,0.0,0.0,0.0,0.0
8397,0.0,-1.678,529.72,0.0,0.0,0.0,0.0
8398,0.0,0.896,479.11,0.0,0.0,0.0,0.0
8399,0.0,0.461,200.22,0.0,0.0,0.0,0.0
8400,0.0,-1.388,467.56,0.0,0.0,0.0,0.0
8401,0.0,-2.245,551.82,0.0,0.0,0.0,0.0
8402,0.0,1.079,406.17,0.0,0.0,0.0,0.0
8403,0.0,-0.56,113.61,0.0,0.0,0.0,0.0
8404,0.0,0.034,796.01,0.0,0.0,0.0,0.0
8405,0.0,1.306,253.81,0.0,0.0,0.0,0.0
8406,0.0,0.567,513.27,0.0,0.0,0.0,0.0
8407,0.0,-2.284,347.65,0.0,0.0,0.0,0.0
8408,0.0,-3.129,1351.4,0.0,0.0,0.0,0.0
8409,0.0,0.629,508.12,0.0,0.0,0.0,0.0
8410,0.0,-0.039,437.75,0.0,0.0,0.0,0.0
8411,0.0,1.322,439.82,0.0,0.0,0.0,0.0
8412,0.0,1.504,317.28,0.0,0.0,0.0,0.0
8413,0.0,2.841,51.89,0.0,0.0,0.0,0.0
8414,0.0,1.719,666.25,0.0,0.0,0.0,0.0
8415,0.0,-0.791,87.58,0.0,0.0,0.0,0.0
8416,0.0,-0.981,290.48,0.0,0.0,0.0,0.0
8417,0.0,2.919,541.69,0.0,0.0,0.0,0.0
8418,0.0,-0.326,110.85,0.0,0.0,0.0,0.0
8419,0.0,-2.769,283.04,0.0,0.0,0.0,0.0
8420,0.0,-2.11,1288.53,0.0,0.0,0.0,0.0
8421,0.0,0.791,166.69,0.0,0.0,0.0,0.0
8422,0.0,-2.406,197.36,0.0,0.0,0.0,0.0
8423,0.0,2.273,108.18,0.0,0.0,0.0,0.0
8424,0.0,2.118,195.3,0.0,0.0,0.0,0.0
8425,0.0,2.279,860.27,0.0,0.0,0.0,0.0
8426,0.0,-0.345,224.52,0.0,0.0,0.0,0.0
8427,0.0,1.525,1133.05,0.0,0.0,0.0,0.0
8428,0.0,-0.08,1503.85,0.0,0.0,0.0,0.0
8429,0.0,-2.934,1713.33,0.0,0.0,0.0,0.0
8430,0.0,-0.747,675.62,0.0,0.0,0.0,0.0
8431,0.0,-2.444,117.79,0.0,0.0,0.0,0.0
8432,0.0,-2.324,3271.7,0.0,0.0,0.0,0.0
8433,0.0,-0.998,129.65,0.0,0.0,0.0,0.0
8434,0.0,-2.484,153.8,0.0,0.0,0.0,0.0
8435,0.0,-2.118,711.26,0.0,0.0,0.0,0.0
8436,0.0,-1.779,211.11,0.0,0.0,0.0,0.0
8437,0.0,-2.846,1256.6,0.0,0.0,0.0,0.0
8438,0.0,-1.983,833.27,0.0,0.0,0.0,0.0
8439,0.0,0.326,940.49,0.0,0.0,0.0,0.0
8440,0.0,-0.531,114.98,0.0,0.0,0.0,0.0
8441,0.0,0.217,2352.81,0.0,0.0,0.0,0.0
8442,0.0,0.009,176.86,0.0,0.0,0.0,0.0
8443,0.0,0.714,834.51,0.0,0.0,0.0,0.0
8444,0.0,1.032,570.94,0.0,0.0,0.0,0.0
8445,0.0,2.001,244.25,0.0,0.0,0.0,0.0
8446,0.0,2.506,79.57,0.0,0.0,0.0,0.0
8447,0.0,-2.354,378.89,0.0,0.0,0.0,0.0
8448,0.0,-1.858,253.98,0.0,0.0,0.0,0.0
8449,0.0,-0.835,579.97,0.0,0.0,0.0,0.0
8450,0.0,0.285,238.76,0.0,0.0,0.0,0.0
8451,0.0,2.68,202.19,0.0,0.0,0.0,0.0
8452,0.0,-1.849,2738.29,0.0,0.0,0.0,0.0
8453,0.0,-2.223,161.93,0.0,0.0,0.0,0.0
8454,0.0,1.372,237.93,0.0,0.0,0.0,0.0
8455,0.0,0.21,70.53,0.0,0.0,0.0,0.0
8456,0.0,2.132,497.12,0.0,0.0,0.0,0.0
8457,0.0,-0.505,675.06,0.0,0.0,0.0,0.0
8458,0.0,2.432,88.15,0.0,0.0,0.0,0.0
8459,0.0,-0.987,1654.28,0.0,0.0,0.0,0.0
8460,0.0,2.958,775.38,0.0,0.0,0.0,0.0
8461,0.0,-2.594,526.08,0.0,0.0,0.0,0.0
8462,0.0,-2.333,779.64,0.0,0.0,0.0,0.0
8463,0.0,2.278,670.7,0.0,0.0,0.0,0.0
8464,0.0,2.058,418.32,0.0,0.0,0.0,0.0
8465,0.0,-2.217,43.44,0.0,0.0,0.0,0.0
8466,0.0,0.259,2445.33,0.0,0.0,0.0,0.0
8467,0.0,-1.339,142.49,0.0,0.0,0.0,0.0
8468,0.0,2.37,63.76,0.0,0.0,0.0,0.0
8469,0.0,-1.555,579.8,0.0,0.0,0.0,0.0
8470,0.0,1.143,359.1,0.0,0.0,0.0,0.0
8471,0.0,-2.207,793.88,0.0,0.0,0.0,0.0
8472,0.0,-2.696,18.39,0.0,0.0,0.0,0.0
8473,0.0,-1.674,245.89,0.0,0.0,0.0,0.0
8474,0.0,1.697,268.59,0.0,0.0,0.0,0.0
8475,0.0,2.905,963.55,0.0,0.0,0.0,0.0
8476,0.0,0.686,410.04,0.0,0.0,0.0,0.0
8477,0.0,-0.207,1943.02,0.0,0.0,0.0,0.0
8478,0.0,-0.562,251.1,0.0,0.0,0.0,0.0
8479,0.0,1.946,687.68,0.0,0.0,0.0,0.0
8480,0.0,-1.487,60.17,0.0,0.0,0.0,0.0
8481,0.0,-1.408,106.71,0.0,0.0,0.0,0.0
8482,0.0,0.269,107.14,0.0,0.0,0.0,0.0
8483,0.0,-1.929,511.7,0.0,0.0,0.0,0.0
8484,0.0,1.285,1652.75,0.0,0.0,0.0,0.0
8485,0.0,-1.586,381.3,0.0,0.0,0.0,0.0
8486,0.0,1.918,698.15,0.0,0.0,0.0,0.0
8487,0.0,-0.65,676.59,0.0,0.0,0.0,0.0
8488,0.0,-2.881,885.74,0.0,0.0,0.0,0.0
8489,0.0,-1.068,139.83,0.0,0.0,0.0,0.0
8490,0.0,-1.854,69.53,0.0,0.0,0.0,0.0
8491,0.0,-1.882,263.45,0.0,0.0,0.0,0.0
8492,0.0,-2.863,477.2,0.0,0.0,0.0,0.0
8493,0.0,-0.272,1026.3,0.0,0.0,0.0,0.0
8494,0.0,-0.611,1048.91,0.0,0.0,0.0,0.0
8495,0.0,-1.775,153.69,0.0,0.0,0.0,0.0
8496,0.0,-1.173,115.89,0.0,0.0,0.0,0.0
8497,0.0,-1.885,582.44,0.0,0.0,0.0,0.0
8498,0.0,-0.598,1040.9,0.0,0.0,0.0,0.0
8499,0.0,-1.922,1445.12,0.0,0.0,0.0,0.0
8500,0.0,-1.371,462.95,0.0,0.0,0.0,0.0
8501,0.0,-0.615,18.62,0.0,0.0,0.0,0.0
8502,0.0,-1.915,1595.89,0.0,0.0,0.0,0.0
8503,0.0,0.412,511.57,0.0,0.0,0.0,0.0
8504,0.0,1.084,171.81,0.0,0.0,0.0,0.0
8505,0.0,-1.807,2907.01,0.0,0.0,0.0,0.0
8506,0.0,-2.766,148.57,0.0,0.0,0.0,0.0
8507,0.0,-0.653,289.28,0.0,0.0,0.0,0.0
8508,0.0,2.669,364.6,0.0,0.0,0.0,0.0
8509,0.0,2.065,20.93,0.0,0.0,0.0,0.0
8510,0.0,2.538,291.72,0.0,0.0,0.0,0.0
8511,0.0,-2.613,326.4,0.0,0.0,0.0,0.0
8512,0.0,1.264,83.61,0.0,0.0,0.0,0.0
8513,0.0,2.093,415.76,0.0,0.0,0.0,0.0
8514,0.0,-1.656,140.72,0.0,0.0,0.0,0.0
8515,0.0,1.14,362.75,0.0,0.0,0.0,0.0
8516,0.0,2.998,211.97,0.0,0.0,0.0,0.0
8517,0.0,-3.02,183.88,0.0,0.0,0.0,0.0
8518,0.0,-2.261,35.28,0.0,0.0,0.0,0.0
8519,0.0,0.83,368.41,0.0,0.0,0.0,0.0
8520,0.0,2.837,326.37,0.0,0.0,0.0,0.0
8521,0.0,1.845,1035.49,0.0,0.0,0.0,0.0
8522,0.0,0.517,1281.35,0.0,0.0,0.0,0.0
8523,0.0,-2.355,47.43,0.0,0.0,0.0,0.0
8524,0.0,1.806,505.52,0.0,0.0,0.0,0.0
8525,0.0,1.245,1897.98,0.0,0.0,0.0,0.0
8526,0.0,-1.499,883.59,0.0,0.0,0.0,0.0
8527,0.0,0.162,589.18,0.0,0.0,0.0,0.0
8528,0.0,-2.873,76.28,0.0,0.0,0.0,0.0
8529,0.0,-0.994,695.6,0.0,0.0,0.0,0.0
8530,0.0,1.356,15.78,0.0,0.0,0.0,0.0
8531,0.0,0.572,2154.72,0.0,0.0,0.0,0.0
8532,0.0,-0.291,635.84,0.0,0.0,0.0,0.0
8533,0.0,0.135,1432.79,0.0,0.0,0.0,0.0
8534,0.0,-2.942,516.53,0.0,0.0,0.0,0.0
8535,0.0,0.879,323.68,0.0,0.0,0.0,0.0
8536,0.0,-0.118,106.81,0.0,0.0,0.0,0.0
8537,0.0,2.778,366.31,0.0,0.0,0.0,0.0
8538,0.0,2.558,2925.6,0.0,0.0,0.0,0.0
8539,0.0,0.238,151.76,0.0,0.0,0.0,0.0
8540,0.0,0.149,500.97,0.0,0.0,0.0,0.0
8541,0.0,-1.026,734.21,0.0,0.0,0.0,0.0
8542,0.0,-0.22,333.25,0.0,0.0,0.0,0.0
8543,0.0,-0.466,261.12,0.0,0.0,0.0,0.0
8544,0.0,0.135,55.04,0.0,0.0,0.0,0.0
8545,0.0,-1.65,174.08,0.0,0.0,0.0,0.0
8546,0.0,-0.221,2361.12,0.0,0.0,0.0,0.0
8547,0.0,2.289,507.76,0.0,0.0,0.0,0.0
8548,0.0,-0.655,917.96,0.0,0.0,0.0,0.0
8549,0.0,-2.834,28.33,0.0,0.0,0.0,0.0
8550,0.0,-1.155,536.95,0.0,0.0,0.0,0.0
8551,0.0,-0.21,223.76,0.0,0.0,0.0,0.0
8552,0.0,-0.48,713.24,0.0,0.0,0.0,0.0
8553,0.0,0.694,1241.15,0.0,0.0,0.0,0.0
8554,0.0,-2.018,566.8,0.0,0.0,0.0,0.0
8555,0.0,-1.401,2249.33,0.0,0.0,0.0,0.0
8556,0.0,2.891,2143.05,0.0,0.0,0.0,0.0
8557,0.0,0.703,334.31,0.0,0.0,0.0,0.0
8558,0.0,0.833,375.96,0.0,0.0,0.0,0.0
8559,0.0,-1.781,1078.98,0.0,0.0,0.0,0.0
8560,0.0,2.319,249.79,0.0,0.0,0.0,0.0
8561,0.0,-0.177,269.33,0.0,0.0,0.0,0.0
8562,0.0,0.013,109.7,0.0,0.0,0.0,0.0
8563,0.0,0.314,554.89,0.0,0.0,0.0,0.0
8564,0.0,-2.946,46.25,0.0,0.0,0.0,0.0
8565,0.0,1.299,99.3,0.0,0.0,0.0,0.0
8566,0.0,-0.209,388.68,0.0,0.0,0.0,0.0
8567,0.0,-2.71,103.05,0.0,0.0,0.0,0.0
8568,0.0,-0.423,439.65,0.0,0.0,0.0,0.0
8569,0.0,0.988,166.68,0.0,0.0,0.0,0.0
8570,0.0,0.967,244.79,0.0,0.0,0.0,0.0
8571,0.0,1.654,170.3,0.0,0.0,0.0,0.0
8572,0.0,-2.095,330.34,0.0,0.0,0.0,0.0
8573,0.0,-1.891,276.72,0.0,0.0,0.0,0.0
8574,0.0,-2.479,155.62,0.0,0.0,0.0,0.0
8575,0.0,0.236,1108.27,0.0,0.0,0.0,0.0
8576,0.0,-0.947,1897.5,0.0,0.0,0.0,0.0
8577,0.0,0.035,1453.67,0.0,0.0,0.0,0.0
8578,0.0,0.316,141.86,0.0,0.0,0.0,0.0
8579,0.0,0.897,2666.0,0.0,0.0,0.0,0.0
8580,0.0,2.593,352.44,0.0,0.0,0.0,0.0
8581,0.0,-1.852,2871.11,0.0,0.0,0.0,0.0
8582,0.0,-1.217,1606.29,0.0,0.0,0.0,0.0
8583,0.0,2.738,50.77,0.0,0.0,0.0,0.0
8584,0.0,1.051,203.16,0.0,0.0,0.0,0.0
8585,0.0,2.339,668.88,0.0,0.0,0.0,0.0
8586,0.0,1.091,1061.87,0.0,0.0,0.0,0.0
8587,0.0,-0.661,262.82,0.0,0.0,0.0,0.0
8588,0.0,-2.306,675.33,0.0,0.0,0.0,0.0
8589,0.0,-0.745,133.21,0.0,0.0,0.0,0.0
8590,0.0,-0.516,61.51,0.0,0.0,0.0,0.0
8591,0.0,-0.853,1244.85,0.0,0.0,0.0,0.0
8592,0.0,0.293,94.4,0.0,0.0,0.0,0.0
8593,0.0,0.66,414.73,0.0,0.0,0.0,0.0
8594,0.0,2.64,228.93,0.0,0.0,0.0,0.0
8595,0.0,-1.866,190.59,0.0,0.0,0.0,0.0
8596,0.0,1.313,669.22,0.0,0.0,0.0,0.0
8597,0.0,2.255,43.14,0.0,0.0,0.0,0.0
8598,0.0,-1.637,62.42,0.0,0.0,0.0,0.0
8599,0.0,-0.99,42.29,0.0,0.0,0.0,0.0
8600,0.0,-2.99,296.48,0.0,0.0,0.0,0.0
8601,0.0,-1.193,278.73,0.0,0.0,0.0,0.0
8602,0.0,-1.455,270.05,0.0,0.0,0.0,0.0
8603,0.0,-2.639,529.12,0.0,0.0,0.0,0.0
8604,0.0,0.5,813.16,0.0,0.0,0.0,0.0
8605,0.0,-2.242,365.86,0.0,0.0,0.0,0.0
8606,0.0,-0.969,367.67,0.0,0.0,0.0,0.0
8607,0.0,-2.319,123.76,0.0,0.0,0.0,0.0
8608,0.0,-1.61,1409.54,0.0,0.0,0.0,0.0
8609,0.0,1.39,103.14,0.0,0.0,0.0,0.0
8610,0.0,0.523,663.67,0.0,0.0,0.0,0.0
8611,0.0,0.21,86.84,0.0,0.0,0.0,0.0
8612,0.0,-0.215,338.55,0.0,0.0,0.0,0.0
8613,0.0,3.075,380.34,0.0,0.0,0.0,0.0
8614,0.0,0.802,104.6,0.0,0.0,0.0,0.0
8615,0.0,-0.26,87.78,0.0,0.0,0.0,0.0
8616,0.0,-2.796,177.84,0.0,0.0,0.0,0.0
8617,0.0,0.976,310.98,0.0,0.0,0.0,0.0
8618,0.0,-3.112,229.93,0.0,0.0,0.0,0.0
8619,0.0,3.115,115.31,0.0,0.0,0.0,0.0
8620,0.0,1.702,392.36,0.0,0.0,0.0,0.0
8621,0.0,1.195,329.94,0.0,0.0,0.0,0.0
8622,0.0,2.203,485.46,0.0,0.0,0.0,0.0
8623,0.0,-1.881,514.07,0.0,0.0,0.0,0.0
8624,0.0,0.814,210.55,0.0,0.0,0.0,0.0
8625,0.0,-0.158,66.59,0.0,0.0,0.0,0.0
8626,0.0,-1.065,41.54,0.0,0.0,0.0,0.0
8627,0.0,3.106,962.18,0.0,0.0,0.0,0.0
8628,0.0,-0.322,163.46,0.0,0.0,0.0,0.0
8629,0.0,-0.03,173.16,0.0,0.0,0.0,0.0
8630,0.0,-2.865,579.94,0.0,0.0,0.0,0.0
8631,0.0,1.8,2611.15,0.0,0.0,0.0,0.0
8632,0.0,2.003,145.86,0.0,0.0,0.0,0.0
8633,0.0,0.684,2054.13,0.0,0.0,0.0,0.0
8634,0.0,2.606,486.09,0.0,0.0,0.0,0.0
8635,0.0,2.721,273.09,0.0,0.0,0.0,0.0
8636,0.0,-2.852,192.64,0.0,0.0,0.0,0.0
8637,0.0,-1.169,1753.17,0.0,0.0,0.0,0.0
8638,0.0,0.452,1159.97,0.0,0.0,0.0,0.0
8639,0.0,1.155,121.2,0.0,0.0,0.0,0.0
8640,0.0,2.113,261.73,0.0,0.0,0.0,0.0
8641,0.0,1.131,24.77,0.0,0.0,0.0,0.0
8642,0.0,-1.826,203.15,0.0,0.0,0.0,0.0
8643,0.0,-0.974,753.64,0.0,0.0,0.0,0.0
8644,0.0,-0.694,922.76,0.0,0.0,0.0,0.0
8645,0.0,-1.657,205.35,0.0,0.0,0.0,0.0
8646,0.0,1.48,265.63,0.0,0.0,0.0,0.0
8647,0.0,0.829,277.65,0.0,0.0,0.0,0.0
8648,0.0,-2.074,655.96,0.0,0.0,0.0,0.0
8649,0.0,-2.476,612.72,0.0,0.0,0.0,0.0
8650,0.0,0.463,379.49,0.0,0.0,0.0,0.0
8651,0.0,2.656,866.38,0.0,0.0,0.0,0.0
8652,0.0,-2.611,647.99,0.0,0.0,0.0,0.0
8653,0.0,1.22,683.99,0.0,0.0,0.0,0.0
8654,0.0,-1.367,361.04,0.0,0.0,0.0,0.0
8655,0.0,-0.674,184.35,0.0,0.0,0.0,0.0
8656,0.0,-1.46,647.64,0.0,0.0,0.0,0.0
8657,0.0,-2.744,474.71,0.0,0.0,0.0,0.0
8658,0.0,0.098,776.43,0.0,0.0,0.0,0.0
8659,0.0,0.096,797.86,0.0,0.0,0.0,0.0
8660,0.0,-3.023,2688.45,0.0,0.0,0.0,0.0
8661,0.0,-0.154,580.51,0.0,0.0,0.0,0.0
8662,0.0,2.649,949.1,0.0,0.0,0.0,0.0
8663,0.0,0.777,347.89,0.0,0.0,0.0,0.0
8664,0.0,-2.186,400.58,0.0,0.0,0.0,0.0
8665,0.0,1.891,103.09,0.0,0.0,0.0,0.0
8666,0.0,1.559,439.51,0.0,0.0,0.0,0.0
8667,0.0,0.957,384.21,0.0,0.0,0.0,0.0
8668,0.0,-1.718,1472.69,0.0,0.0,0.0,0.0
8669,0.0,-1.657,861.16,0.0,0.0,0.0,0.0
8670,0.0,-2.652,2678.77,0.0,0.0,0.0,0.0
8671,0.0,-1.114,265.65,0.0,0.0,0.0,0.0
8672,0.0,0.902,144.34,0.0,0.0,0.0,0.0
8673,0.0,-1.515,571.24,0.0,0.0,0.0,0.0
8674,0.0,-2.926,490.2,0.0,0.0,0.0,0.0
8675,0.0,-2.709,156.36,0.0,0.0,0.0,0.0
8676,0.0,-0.516,225.6,0.0,0.0,0.0,0.0
8677,0.0,-0.24,699.04,0.0,0.0,0.0,0.0
8678,0.0,-3.1,576.73,0.0,0.0,0.0,0.0
8679,0.0,1.038,190.68,0.0,0.0,0.0,0.0
8680,0.0,0.878,391.29,0.0,0.0,0.0,0.0
8681,0.0,-2.429,60.85,0.0,0.0,0.0,0.0
8682,0.0,-2.648,326.37,0.0,0.0,0.0,0.0
8683,0.0,-2.975,110.76,0.0,0.0,0.0,0.0
8684,0.0,-3.078,366.04,0.0,0.0,0.0,0.0
8685,0.0,-1.715,262.89,0.0,0.0,0.0,0.0
8686,0.0,0.049,344.52,0.0,0.0,0.0,0.0
8687,0.0,0.776,180.73,0.0,0.0,0.0,0.0
8688,0.0,-1.055,447.82,0.0,0.0,0.0,0.0
8689,0.0,0.759,191.85,0.0,0.0,0.0,0.0
8690,0.0,-0.465,826.8,0.0,0.0,0.0,0.0
8691,0.0,2.473,347.25,0.0,0.0,0.0,0.0
8692,0.0,-0.012,242.9,0.0,0.0,0.0,0.0
8693,0.0,2.459,462.15,0.0,0.0,0.0,0.0
8694,0.0,2.931,1001.58,0.0,0.0,0.0,0.0
8695,0.0,0.997,208.62,0.0,0.0,0.0,0.0
8696,0.0,-1.119,1195.94,0.0,0.0,0.0,0.0
8697,0.0,-1.862,133.87,0.0,0.0,0.0,0.0
8698,0.0,-1.465,300.79,0.0,0.0,0.0,0.0
8699,0.0,2.895,87.88,0.0,0.0,0.0,0.0
8700,0.0,-0.669,228.66,0.0,0.0,0.0,0.0
8701,0.0,-2.489,186.66,0.0,0.0,0.0,0.0
8702,0.0,1.786,344.36,0.0,0.0,0.0,0.0
8703,0.0,-2.008,287.59,0.0,0.0,0.0,0.0
8704,0.0,-2.859,120.12,0.0,0.0,0.0,0.0
8705,0.0,-1.866,1793.71,0.0,0.0,0.0,0.0
8706,0.0,-0.124,1886.83,0.0,0.0,0.0,0.0
8707,0.0,2.824,61.68,0.0,0.0,0.0,0.0
8708,0.0,0.488,740.52,0.0,0.0,0.0,0.0
8709,0.0,1.276,2182.67,0.0,0.0,0.0,0.0
8710,0.0,-1.635,1541.79,0.0,0.0,0.0,0.0
8711,0.0,-0.661,392.36,0.0,0.0,0.0,0.0
8712,0.0,-1.904,1315.61,0.0,0.0,0.0,0.0
8713,0.0,0.494,1734.21,0.0,0.0,0.0,0.0
8714,0.0,0.88,1506.24,0.0,0.0,0.0,0.0
8715,0.0,0.186,188.33,0.0,0.0,0.0,0.0
8716,0.0,0.76,1432.99,0.0,0.0,0.0,0.0
8717,0.0,-1.245,1430.1,0.0,0.0,0.0,0.0
8718,0.0,-1.78,392.73,0.0,0.0,0.0,0.0
8719,0.0,2.25,235.18,0.0,0.0,0.0,0.0
8720,0.0,-0.229,454.27,0.0,0.0,0.0,0.0
8721,0.0,-2.622,275.73,0.0,0.0,0.0,0.0
8722,0.0,0.992,1066.06,0.0,0.0,0.0,0.0
8723,0.0,1.93,391.32,0.0,0.0,0.0,0.0
8724,0.0,0.231,197.55,0.0,0.0,0.0,0.0
8725,0.0,2.341,181.01,0.0,0.0,0.0,0.0
8726,0.0,2.201,330.27,0.0,0.0,0.0,0.0
8727,0.0,3.044,982.19,0.0,0.0,0.0,0.0
8728,0.0,-0.139,114.61,0.0,0.0,0.0,0.0
8729,0.0,2.214,164.26,0.0,0.0,0.0,0.0
8730,0.0,-1.965,2200.58,0.0,0.0,0.0,0.0
8731,0.0,0.347,1878.16,0.0,0.0,0.0,0.0
8732,0.0,1.217,455.53,0.0,0.0,0.0,0.0
8733,0.0,2.553,497.92,0.0,0.0,0.0,0.0
8734,0.0,0.489,1463.55,0.0,0.0,0.0,0.0
8735,0.0,-1.598,299.88,0.0,0.0,0.0,0.0
8736,0.0,-0.85,420.05,0.0,0.0,0.0,0.0
8737,0.0,-0.355,214.33,0.0,0.0,0.0,0.0
8738,0.0,-1.842,982.21,0.0,0.0,0.0,0.0
8739,0.0,1.364,667.59,0.0,0.0,0.0,0.0
8740,0.0,2.566,385.2,0.0,0.0,0.0,0.0
8741,0.0,-2.707,254.71,0.0,0.0,0.0,0.0
8742,0.0,-0.482,384.87,0.0,0.0,0.0,0.0
8743,0.0,-0.847,883.56,0.0,0.0,0.0,0.0
8744,0.0,-0.812,586.49,0.0,0.0,0.0,0.0
8745,0.0,2.778,491.65,0.0,0.0,0.0,0.0
8746,0.0,-0.5,291.06,0.0,0.0,0.0,0.0
8747,0.0,1.029,673.74,0.0,0.0,0.0,0.0
8748,0.0,2.424,720.53,0.0,0.0,0.0,0.0
8749,0.0,2.013,647.63,0.0,0.0,0.0,0.0
8750,0.0,1.853,562.26,0.0,0.0,0.0,0.0
8751,0.0,-0.021,537.26,0.0,0.0,0.0,0.0
8752,0.0,1.415,303.48,0.0,0.0,0.0,0.0
8753,0.0,1.837,1963.98,0.0,0.0,0.0,0.0
8754,0.0,-1.64,254.84,0.0,0.0,0.0,0.0
8755,0.0,0.525,172.72,0.0,0.0,0.0,0.0
8756,0.0,2.98,53.68,0.0,0.0,0.0,0.0
8757,0.0,0.694,361.96,0.0,0.0,0.0,0.0
8758,0.0,0.642,175.04,0.0,0.0,0.0,0.0
8759,0.0,-1.168,1657.18,0.0,0.0,0.0,0.0
8760,0.0,0.205,624.35,0.0,0.0,0.0,0.0
8761,0.0,-0.209,164.67,0.0,0.0,0.0,0.0
8762,0.0,2.011,55.67,0.0,0.0,0.0,0.0
8763,0.0,-0.053,2463.69,0.0,0.0,0.0,0.0
8764,0.0,0.047,141.42,0.0,0.0,0.0,0.0
8765,0.0,0.949,94.04,0.0,0.0,0.0,0.0
8766,0.0,3.024,154.65,0.0,0.0,0.0,0.0
8767,0.0,0.496,898.63,0.0,0.0,0.0,0.0
8768,0.0,1.601,2201.89,0.0,0.0,0.0,0.0
8769,0.0,2.017,169.73,0.0,0.0,0.0,0.0
8770,0.0,-0.165,175.68,0.0,0.0,0.0,0.0
8771,0.0,0.018,2817.31,0.0,0.0,0.0,0.0
8772,0.0,2.328,380.65,0.0,0.0,0.0,0.0
8773,0.0,2.037,285.63,0.0,0.0,0.0,0.0
8774,0.0,0.549,82.26,0.0,0.0,0.0,0.0
8775,0.0,2.525,87.39,0.0,0.0,0.0,0.0
8776,0.0,-0.172,525.17,0.0,0.0,0.0,0.0
8777,0.0,-1.093,585.68,0.0,0.0,0.0,0.0
8778,0.0,0.773,961.31,0.0,0.0,0.0,0.0
8779,0.0,2.942,360.81,0.0,0.0,0.0,0.0
8780,0.0,2.165,1758.38,0.0,0.0,0.0,0.0
8781,0.0,-1.413,445.22,0.0,0.0,0.0,0.0
8782,0.0,-1.424,2424.92,0.0,0.0,0.0,0.0
8783,0.0,3.017,485.4,0.0,0.0,0.0,0.0
8784,0.0,2.419,777.82,0.0,0.0,0.0,0.0
8785,0.0,3.022,464.27,0.0,0.0,0.0,0.0
8786,0.0,-1.387,1686.25,0.0,0.0,0.0,0.0
8787,0.0,0.993,747.69,0.0,0.0,0.0,0.0
8788,0.0,-0.619,136.1,0.0,0.0,0.0,0.0
8789,0.0,2.671,1258.33,0.0,0.0,0.0,0.0
8790,0.0,1.196,736.01,0.0,0.0,0.0,0.0
8791,0.0,-1.787,344.98,0.0,0.0,0.0,0.0
8792,0.0,1.325,374.57,0.0,0.0,0.0,0.0
8793,0.0,0.179,278.03,0.0,0.0,0.0,0.0
8794,0.0,-1.967,323.92,0.0,0.0,0.0,0.0
8795,0.0,-1.46,931.8,0.0,0.0,0.0,0.0
8796,0.0,-2.058,2258.37,0.0,0.0,0.0,0.0
8797,0.0,0.777,278.19,0.0,0.0,0.0,0.0
8798,0.0,-2.53,246.38,0.0,0.0,0.0,0.0
8799,0.0,-0.863,269.41,0.0,0.0,0.0,0.0
8800,0.0,0.437,1263.8,0.0,0.0,0.0,0.0
8801,0.0,-2.677,956.39,0.0,0.0,0.0,0.0
8802,0.0,1.892,251.05,0.0,0.0,0.0,0.0
8803,0.0,-3.035,1084.38,0.0,0.0,0.0,0.0
8804,0.0,-0.295,162.03,0.0,0.0,0.0,0.0
8805,0.0,2.611,390.35,0.0,0.0,0.0,0.0
8806,0.0,2.885,3344.97,0.0,0.0,0.0,0.0
8807,0.0,-0.114,1817.93,0.0,0.0,0.0,0.0
8808,0.0,1.361,318.07,0.0,0.0,0.0,0.0
8809,0.0,-0.495,447.1,0.0,0.0,0.0,0.0
8810,0.0,-0.145,194.48,0.0,0.0,0.0,0.0
8811,0.0,2.821,419.77,0.0,0.0,0.0,0.0
8812,0.0,0.82,189.17,0.0,0.0,0.0,0.0
8813,0.0,-0.467,90.81,0.0,0.0,0.0,0.0
8814,0.0,1.936,374.37,0.0,0.0,0.0,0.0
8815,0.0,-1.911,715.38,0.0,0.0,0.0,0.0
8816,0.0,-2.914,386.94,0.0,0.0,0.0,0.0
8817,0.0,-2.815,117.81,0.0,0.0,0.0,0.0
8818,0.0,-1.723,951.45,0.0,0.0,0.0,0.0
8819,0.0,-3.097,996.42,0.0,0.0,0.0,0.0
8820,0.0,3.022,496.61,0.0,0.0,0.0,0.0
8821,0.0,3.135,163.73,0.0,0.0,0.0,0.0
8822,0.0,2.1,630.87,0.0,0.0,0.0,0.0
8823,0.0,2.489,1813.88,0.0,0.0,0.0,0.0
8824,0.0,-2.577,1410.85,0.0,0.0,0.0,0.0
8825,0.0,-0.712,22.38,0.0,0.0,0.0,0.0
8826,0.0,-2.929,1773.15,0.0,0.0,0.0,0.0
8827,0.0,-1.997,723.47,0.0,0.0,0.0,0.0
8828,0.0,1.971,164.34,0.0,0.0,0.0,0.0
8829,0.0,-2.92,236.97,0.0,0.0,0.0,0.0
8830,0.0,2.891,95.53,0.0,0.0,0.0,0.0
8831,0.0,-2.781,163.03,0.0,0.0,0.0,0.0
8832,0.0,1.045,201.72,0.0,0.0,0.0,0.0
8833,0.0,2.94,337.01,0.0,0.0,0.0,0.0
8834,0.0,1.847,174.45,0.0,0.0,0.0,0.0
8835,0.0,-1.776,1267.82,0.0,0.0,0.0,0.0
8836,0.0,0.899,518.31,0.0,0.0,0.0,0.0
8837,0.0,-0.537,87.43,0.0,0.0,0.0,0.0
8838,0.0,-2.649,396.32,0.0,0.0,0.0,0.0
8839,0.0,-1.463,515.64,0.0,0.0,0.0,0.0
8840,0.0,-1.982,893.32,0.0,0.0,0.0,0.0
8841,0.0,-0.739,2200.95,0.0,0.0,0.0,0.0
8842,0.0,2.568,1811.14,0.0,0.0,0.0,0.0
8843,0.0,-2.593,522.18,0.0,0.0,0.0,0.0
8844,0.0,-1.304,217.76,0.0,0.0,0.0,0.0
8845,0.0,-1.781,223.52,0.0,0.0,0.0,0.0
8846,0.0,-2.277,52.29,0.0,0.0,0.0,0.0
8847,0.0,3.026,209.95,0.0,0.0,0.0,0.0
8848,0.0,-1.493,435.2,0.0,0.0,0.0,0.0
8849,0.0,2.063,1320.97,0.0,0.0,0.0,0.0
8850,0.0,-2.844,850.91,0.0,0.0,0.0,0.0
8851,0.0,0.811,24.7,0.0,0.0,0.0,0.0
8852,0.0,-0.607,33.52,0.0,0.0,0.0,0.0
8853,0.0,1.987,369.07,0.0,0.0,0.0,0.0
8854,0.0,-2.548,219.31,0.0,0.0,0.0,0.0
8855,0.0,2.924,372.8,0.0,0.0,0.0,0.0
8856,0.0,-0.823,613.77,0.0,0.0,0.0,0.0
8857,0.0,0.859,1492.96,0.0,0.0,0.0,0.0
8858,0.0,-1.321,83.72,0.0,0.0,0.0,0.0
8859,0.0,2.958,527.71,0.0,0.0,0.0,0.0
8860,0.0,-2.136,311.84,0.0,0.0,0.0,0.0
8861,0.0,1.135,146.4,0.0,0.0,0.0,0.0
8862,0.0,1.583,903.57,0.0,0.0,0.0,0.0
8863,0.0,0.394,144.75,0.0,0.0,0.0,0.0
8864,0.0,0.468,693.33,0.0,0.0,0.0,0.0
8865,0.0,2.004,304.94,0.0,0.0,0.0,0.0
8866,0.0,0.485,150.61,0.0,0.0,0.0,0.0
8867,0.0,-2.5,1188.9,0.0,0.0,0.0,0.0
8868,0.0,3.018,349.21,0.0,0.0,0.0,0.0
8869,0.0,1.409,608.32,0.0,0.0,0.0,0.0
8870,0.0,-0.628,104.89,0.0,0.0,0.0,0.0
8871,0.0,-2.745,127.69,0.0,0.0,0.0,0.0
8872,0.0,-2.416,209.52,0.0,0.0,0.0,0.0
8873,0.0,0.792,153.89,0.0,0.0,0.0,0.0
8874,0.0,2.668,961.57,0.0,0.0,0.0,0.0
8875,0.0,-1.646,1357.94,0.0,0.0,0.0,0.0
8876,0.0,3.029,369.05,0.0,0.0,0.0,0.0
8877,0.0,-0.595,152.76,0.0,0.0,0.0,0.0
8878,0.0,1.344,707.31,0.0,0.0,0.0,0.0
8879,0.0,-2.436,161.07,0.0,0.0,0.0,0.0
8880,0.0,-1.09,67.14,0.0,0.0,0.0,0.0
8881,0.0,-3.007,635.7,0.0,0.0,0.0,0.0
8882,0.0,1.183,126.26,0.0,0.0,0.0,0.0
8883,0.0,0.251,146.89,0.0,0.0,0.0,0.0
8884,0.0,1.058,1718.88,0.0,0.0,0.0,0.0
8885,0.0,0.922,1621.01,0.0,0.0,0.0,0.0
8886,0.0,2.766,279.74,0.0,0.0,0.0,0.0
8887,0.0,-0.168,464.84,0.0,0.0,0.0,0.0
8888,0.0,1.283,23.65,0.0,0.0,0.0,0.0
8889,0.0,-0.739,603.81,0.0,0.0,0.0,0.0
8890,0.0,2.2,589.12,0.0,0.0,0.0,0.0
8891,0.0,1.646,429.7,0.0,0.0,0.0,0.0
8892,0.0,-2.189,113.95,0.0,0.0,0.0,0.0
8893,0.0,2.495,155.41,0.0,0.0,0.0,0.0
8894,0.0,-1.289,25.57,0.0,0.0,0.0,0.0
8895,0.0,-0.456,1966.88,0.0,0.0,0.0,0.0
8896,0.0,0.81,199.11,0.0,0.0,0.0,0.0
8897,0.0,2.495,391.02,0.0,0.0,0.0,0.0
8898,0.0,-1.801,278.55,0.0,0.0,0.0,0.0
8899,0.0,0.945,310.62,0.0,0.0,0.0,0.0
8900,0.0,-0.465,1574.02,0.0,0.0,0.0,0.0
8901,0.0,-2.977,508.1,0.0,0.0,0.0,0.0
8902,0.0,1.176,797.14,0.0,0.0,0.0,0.0
8903,0.0,-0.002,905.31,0.0,0.0,0.0,0.0
8904,0.0,0.498,498.2,0.0,0.0,0.0,0.0
8905,0.0,0.148,486.46,0.0,0.0,0.0,0.0
8906,0.0,0.517,68.85,0.0,0.0,0.0,0.0
8907,0.0,-1.341,363.14,0.0,0.0,0.0,0.0
8908,0.0,-2.456,387.15,0.0,0.0,0.0,0.0
8909,0.0,-1.254,191.43,0.0,0.0,0.0,0.0
8910,0.0,-1.817,160.75,0.0,0.0,0.0,0.0
8911,0.0,-1.766,762.35,0.0,0.0,0.0,0.0
8912,0.0,-2.162,2586.04,0.0,0.0,0.0,0.0
8913,0.0,0.269,1153.19,0.0,0.0,0.0,0.0
8914,0.0,-1.025,382.5,0.0,0.0,0.0,0.0
8915,0.0,-2.508,292.75,0.0,0.0,0.0,0.0
8916,0.0,1.11,2667.5,0.0,0.0,0.0,0.0
8917,0.0,-0.237,1084.12,0.0,0.0,0.0,0.0
8918,0.0,-1.93,780.56,0.0,0.0,0.0,0.0
8919,0.0,-1.751,644.59,0.0,0.0,0.0,0.0
8920,0.0,-2.416,1046.07,0.0,0.0,0.0,0.0
8921,0.0,-0.146,256.77,0.0,0.0,0.0,0.0
8922,0.0,-1.397,1890.76,0.0,0.0,0.0,0.0
8923,0.0,1.486,809.89,0.0,0.0,0.0,0.0
8924,0.0,-2.601,503.6,0.0,0.0,0.0,0.0
8925,0.0,-0.525,201.55,0.0,0.0,0.0,0.0
8926,0.0,1.459,299.24,0.0,0.0,0.0,0.0
8927,0.0,-1.622,126.66,0.0,0.0,0.0,0.0
8928,0.0,-2.438,200.16,0.0,0.0,0.0,0.0
8929,0.0,-2.572,2933.03,0.0,0.0,0.0,0.0
8930,0.0,1.883,793.81,0.0,0.0,0.0,0.0
8931,0.0,1.972,74.18,0.0,0.0,0.0,0.0
8932,0.0,1.529,290.55,0.0,0.0,0.0,0.0
8933,0.0,1.894,496.71,0.0,0.0,0.0,0.0
8934,0.0,2.372,239.27,0.0,0.0,0.0,0.0
8935,0.0,1.718,1066.9,0.0,0.0,0.0,0.0
8936,0.0,-1.936,247.42,0.0,0.0,0.0,0.0
8937,0.0,-1.25,408.15,0.0,0.0,0.0,0.0
8938,0.0,-2.412,1407.34,0.0,0.0,0.0,0.0
8939,0.0,1.275,818.42,0.0,0.0,0.0,0.0
8940,0.0,-2.253,120.19,0.0,0.0,0.0,0.0
8941,0.0,-1.009,1073.8,0.0,0.0,0.0,0.0
8942,0.0,-0.923,187.9,0.0,0.0,0.0,0.0
8943,0.0,0.628,935.6,0.0,0.0,0.0,0.0
8944,0.0,-1.07,310.66,0.0,0.0,0.0,0.0
8945,0.0,1.256,192.41,0.0,0.0,0.0,0.0
8946,0.0,-2.046,489.67,0.0,0.0,0.0,0.0
8947,0.0,0.656,29.63,0.0,0.0,0.0,0.0
8948,0.0,1.976,393.73,0.0,0.0,0.0,0.0
8949,0.0,-2.524,154.81,0.0,0.0,0.0,0.0
8950,0.0,2.138,64.56,0.0,0.0,0.0,0.0
8951,0.0,-2.537,457.38,0.0,0.0,0.0,0.0
8952,0.0,3.058,86.19,0.0,0.0,0.0,0.0
8953,0.0,1.812,1440.48,0.0,0.0,0.0,0.0
8954,0.0,1.292,240.99,0.0,0.0,0.0,0.0
8955,0.0,2.265,344.48,0.0,0.0,0.0,0.0
8956,0.0,2.761,598.51,0.0,0.0,0.0,0.0
8957,0.0,3.133,179.57,0.0,0.0,0.0,0.0
8958,0.0,0.039,2826.46,0.0,0.0,0.0,0.0
8959,0.0,1.632,194.29,0.0,0.0,0.0,0.0
8960,0.0,0.798,170.19,0.0,0.0,0.0,0.0
8961,0.0,1.51,459.74,0.0,0.0,0.0,0.0
8962,0.0,-1.902,1751.8,0.0,0.0,0.0,0.0
8963,0.0,-1.897,884.38,0.0,0.0,0.0,0.0
8964,0.0,-0.867,306.75,0.0,0.0,0.0,0.0
8965,0.0,1.235,127.96,0.0,0.0,0.0,0.0
8966,0.0,-0.935,777.92,0.0,0.0,0.0,0.0
8967,0.0,2.845,504.54,0.0,0.0,0.0,0.0
8968,0.0,1.872,611.83,0.0,0.0,0.0,0.0
8969,0.0,1.357,468.42,0.0,0.0,0.0,0.0
8970,0.0,0.254,816.71,0.0,0.0,0.0,0.0
8971,0.0,2.11,183.96,0.0,0.0,0.0,0.0
8972,0.0,-1.227,357.82,0.0,0.0,0.0,0.0
8973,0.0,-0.724,341.48,0.0,0.0,0.0,0.0
8974,0.0,-1.307,1385.38,0.0,0.0,0.0,0.0
8975,0.0,-2.2,1358.0,0.0,0.0,0.0,0.0
8976,0.0,-0.541,297.17,0.0,0.0,0.0,0.0
8977,0.0,-0.012,171.19,0.0,0.0,0.0,0.0
8978,0.0,1.671,1477.0,0.0,0.0,0.0,0.0
8979,0.0,2.056,540.02,0.0,0.0,0.0,0.0
8980,0.0,-1.914,676.19,0.0,0.0,0.0,0.0
8981,0.0,1.39,363.54,0.0,0.0,0.0,0.0
8982,0.0,0.333,192.67,0.0,0.0,0.0,0.0
8983,0.0,1.548,171.24,0.0,0.0,0.0,0.0
8984,0.0,-0.334,316.12,0.0,0.0,0.0,0.0
8985,0.0,-0.156,1891.51,0.0,0.0,0.0,0.0
8986,0.0,-0.077,215.3,0.0,0.0,0.0,0.0
8987,0.0,-1.225,1112.73,0.0,0.0,0.0,0.0
8988,0.0,-2.667,1233.2,0.0,0.0,0.0,0.0
8989,0.0,1.206,1511.97,0.0,0.0,0.0,0.0
8990,0.0,-1.69,152.06,0.0,0.0,0.0,0.0
8991,0.0,2.21,1786.8,0.0,0.0,0.0,0.0
8992,0.0,0.064,72.73,0.0,0.0,0.0,0.0
8993,0.0,1.772,320.23,0.0,0.0,0.0,0.0
8994,0.0,0.056,262.09,0.0,0.0,0.0,0.0
8995,0.0,-2.441,837.34,0.0,0.0,0.0,0.0
8996,0.0,2.381,281.97,0.0,0.0,0.0,0.0
8997,0.0,0.061,115.78,0.0,0.0,0.0,0.0
8998,0.0,3.01,256.94,0.0,0.0,0.0,0.0
8999,0.0,-0.02,598.61,0.0,0.0,0.0,0.0
9000,0.0,-1.286,571.1,0.0,0.0,0.0,0.0
9001,0.0,0.624,222.67,0.0,0.0,0.0,0.0
9002,0.0,2.274,1775.91,0.0,0.0,0.0,0.0
9003,0.0,-0.085,923.5,0.0,0.0,0.0,0.0
9004,0.0,2.775,202.89,0.0,0.0,0.0,0.0
9005,0.0,-1.24,129.77,0.0,0.0,0.0,0.0
9006,0.0,-2.169,831.42,0.0,0.0,0.0,0.0
9007,0.0,-2.492,169.37,0.0,0.0,0.0,0.0
9008,0.0,-2.342,188.82,0.0,0.0,0.0,0.0
9009,0.0,3.0,474.58,0.0,0.0,0.0,0.0
9010,0.0,-2.809,518.58,0.0,0.0,0.0,0.0
9011,0.0,1.987,488.11,0.0,0.0,0.0,0.0
9012,0.0,-0.829,49.14,0.0,0.0,0.0,0.0
9013,0.0,2.541,212.92,0.0,0.0,0.0,0.0
9014,0.0,-0.322,56.35,0.0,0.0,0.0,0.0
9015,0.0,-0.912,119.45,0.0,0.0,0.0,0.0
9016,0.0,-2.195,251.85,0.0,0.0,0.0,0.0
9017,0.0,2.551,703.48,0.0,0.0,0.0,0.0
9018,0.0,0.087,702.67,0.0,0.0,0.0,0.0
9019,0.0,0.647,392.24,0.0,0.0,0.0,0.0
9020,0.0,0.428,643.01,0.0,0.0,0.0,0.0
9021,0.0,-1.678,297.9,0.0,0.0,0.0,0.0
9022,0.0,-0.715,3212.02,0.0,0.0,0.0,0.0
9023,0.0,1.478,2949.74,0.0,0.0,0.0,0.0
9024,0.0,-3.034,972.59,0.0,0.0,0.0,0.0
9025,0.0,2.681,1595.03,0.0,0.0,0.0,0.0
9026,0.0,0.226,166.24,0.0,0.0,0.0,0.0
9027,0.0,-2.181,496.07,0.0,0.0,0.0,0.0
9028,0.0,-2.866,360.12,0.0,0.0,0.0,0.0
9029,0.0,0.183,112.18,0.0,0.0,0.0,0.0
9030,0.0,-0.176,209.83,0.0,0.0,0.0,0.0
9031,0.0,-0.79,445.32,0.0,0.0,0.0,0.0
9032,0.0,2.036,157.57,0.0,0.0,0.0,0.0
9033,0.0,1.61,73.95,0.0,0.0,0.0,0.0
9034,0.0,-1.77,574.81,0.0,0.0,0.0,0.0
9035,0.0,2.733,2345.17,0.0,0.0,0.0,0.0
9036,0.0,2.5,72.42,0.0,0.0,0.0,0.0
9037,0.0,0.841,680.8,0.0,0.0,0.0,0.0
9038,0.0,0.772,332.87,0.0,0.0,0.0,0.0
9039,0.0,-2.514,110.85,0.0,0.0,0.0,0.0
9040,0.0,-2.138,168.01,0.0,0.0,0.0,0.0
9041,0.0,0.647,109.31,0.0,0.0,0.0,0.0
9042,0.0,0.438,1762.26,0.0,0.0,0.0,0.0
9043,0.0,-2.79,765.43,0.0,0.0,0.0,0.0
9044,0.0,0.13,307.03,0.0,0.0,0.0,0.0
9045,0.0,-3.045,96.32,0.0,0.0,0.0,0.0
9046,0.0,-0.78,840.22,0.0,0.0,0.0,0.0
9047,0.0,2.629,184.02,0.0,0.0,0.0,0.0
9048,0.0,1.502,111.47,0.0,0.0,0.0,0.0
9049,0.0,-0.488,511.59,0.0,0.0,0.0,0.0
9050,0.0,2.547,3225.66,0.0,0.0,0.0,0.0
9051,0.0,2.072,534.3,0.0,0.0,0.0,0.0
9052,0.0,3.106,427.28,0.0,0.0,0.0,0.0
9053,0.0,1.339,471.13,0.0,0.0,0.0,0.0
9054,0.0,2.949,515.91,0.0,0.0,0.0,0.0
9055,0.0,0.093,152.75,0.0,0.0,0.0,0.0
9056,0.0,-1.722,544.08,0.0,0.0,0.0,0.0
9057,0.0,2.369,1014.35,0.0,0.0,0.0,0.0
9058,0.0,2.93,1567.31,0.0,0.0,0.0,0.0
9059,0.0,0.402,474.02,0.0,0.0,0.0,0.0
9060,0.0,2.139,424.8,0.0,0.0,0.0,0.0
9061,0.0,2.09,584.9,0.0,0.0,0.0,0.0
9062,0.0,-2.433,99.24,0.0,0.0,0.0,0.0
9063,0.0,2.71,236.37,0.0,0.0,0.0,0.0
9064,0.0,2.776,241.52,0.0,0.0,0.0,0.0
9065,0.0,-0.455,223.6,0.0,0.0,0.0,0.0
9066,0.0,0.747,2897.32,0.0,0.0,0.0,0.0
9067,0.0,-2.841,473.09,0.0,0.0,0.0,0.0
9068,0.0,0.094,94.28,0.0,0.0,0.0,0.0
9069,0.0,-2.725,627.38,0.0,0.0,0.0,0.0
9070,0.0,-3.068,216.9,0.0,0.0,0.0,0.0
9071,0.0,1.582,183.18,0.0,0.0,0.0,0.0
9072,0.0,2.631,220.1,0.0,0.0,0.0,0.0
9073,0.0,-1.003,1447.19,0.0,0.0,0.0,0.0
9074,0.0,1.677,448.91,0.0,0.0,0.0,0.0
9075,0.0,0.648,99.31,0.0,0.0,0.0,0.0
9076,0.0,0.676,241.83,0.0,0.0,0.0,0.0
9077,0.0,0.838,1445.2,0.0,0.0,0.0,0.0
9078,0.0,-2.932,308.47,0.0,0.0,0.0,0.0
9079,0.0,-1.965,279.3,0.0,0.0,0.0,0.0
9080,0.0,-0.555,1908.74,0.0,0.0,0.0,0.0
9081,0.0,-2.059,861.46,0.0,0.0,0.0,0.0
9082,0.0,2.807,169.02,0.0,0.0,0.0,0.0
9083,0.0,-2.288,108.44,0.0,0.0,0.0,0.0
9084,0.0,1.933,190.1,0.0,0.0,0.0,0.0
9085,0.0,-2.886,189.36,0.0,0.0,0.0,0.0
9086,0.0,-1.504,81.23,0.0,0.0,0.0,0.0
9087,0.0,0.074,656.21,0.0,0.0,0.0,0.0
9088,0.0,1.806,171.77,0.0,0.0,0.0,0.0
9089,0.0,-2.18,81.81,0.0,0.0,0.0,0.0
9090,0.0,1.047,1082.2,0.0,0.0,0.0,0.0
9091,0.0,-2.343,230.58,0.0,0.0,0.0,0.0
9092,0.0,2.888,38.3,0.0,0.0,0.0,0.0
9093,0.0,-0.191,203.31,0.0,0.0,0.0,0.0
9094,0.0,-0.078,993.77,0.0,0.0,0.0,0.0
9095,0.0,-2.762,229.31,0.0,0.0,0.0,0.0
9096,0.0,0.524,195.75,0.0,0.0,0.0,0.0
9097,0.0,-0.761,362.94,0.0,0.0,0.0,0.0
9098,0.0,-0.328,597.51,0.0,0.0,0.0,0.0
9099,0.0,1.385,355.16,0.0,0.0,0.0,0.0
9100,0.0,-2.194,27.49,0.0,0.0,0.0,0.0
9101,0.0,1.948,372.07,0.0,0.0,0.0,0.0
9102,0.0,-1.019,256.98,0.0,0.0,0.0,0.0
9103,0.0,0.391,569.05,0.0,0.0,0.0,0.0
9104,0.0,0.214,586.78,0.0,0.0,0.0,0.0
9105,0.0,2.998,265.73,0.0,0.0,0.0,0.0
9106,0.0,2.414,417.62,0.0,0.0,0.0,0.0
9107,0.0,1.157,584.92,0.0,0.0,0.0,0.0
9108,0.0,0.964,1039.91,0.0,0.0,0.0,0.0
9109,0.0,-2.719,243.23,0.0,0.0,0.0,0.0
9110,0.0,-2.84,81.98,0.0,0.0,0.0,0.0
9111,0.0,2.637,258.64,0.0,0.0,0.0,0.0
9112,0.0,-2.362,1119.78,0.0,0.0,0.0,0.0
9113,0.0,-1.494,607.36,0.0,0.0,0.0,0.0
9114,0.0,-1.619,506.63,0.0,0.0,0.0,0.0
9115,0.0,-0.475,163.6,0.0,0.0,0.0,0.0
9116,0.0,3.042,537.6,0.0,0.0,0.0,0.0
9117,0.0,1.773,263.2,0.0,0.0,0.0,0.0
9118,0.0,1.842,771.4,0.0,0.0,0.0,0.0
9119,0.0,0.673,298.8,0.0,0.0,0.0,0.0
9120,0.0,2.244,870.43,0.0,0.0,0.0,0.0
9121,0.0,-2.547,2676.5,0.0,0.0,0.0,0.0
9122,0.0,-0.231,291.65,0.0,0.0,0.0,0.0
9123,0.0,0.022,170.89,0.0,0.0,0.0,0.0
9124,0.0,-2.597,253.64,0.0,0.0,0.0,0.0
9125,0.0,3.04,9.76,0.0,0.0,0.0,0.0
9126,0.0,-1.859,322.4,0.0,0.0,0.0,0.0
9127,0.0,-1.983,2121.38,0.0,0.0,0.0,0.0
9128,0.0,2.623,23.99,0.0,0.0,0.0,0.0
9129,0.0,-0.893,185.14,0.0,0.0,0.0,0.0
9130,0.0,0.126,1614.57,0.0,0.0,0.0,0.0
9131,0.0,-2.293,765.27,0.0,0.0,0.0,0.0
9132,0.0,-0.716,128.28,0.0,0.0,0.0,0.0
9133,0.0,-3.069,793.69,0.0,0.0,0.0,0.0
9134,0.0,-1.867,178.07,0.0,0.0,0.0,0.0
9135,0.0,0.719,196.99,0.0,0.0,0.0,0.0
9136,0.0,0.703,131.33,0.0,0.0,0.0,0.0
9137,0.0,-3.089,510.18,0.0,0.0,0.0,0.0
9138,0.0,2.007,417.06,0.0,0.0,0.0,0.0
9139,0.0,1.29,289.11,0.0,0.0,0.0,0.0
9140,0.0,2.066,982.32,0.0,0.0,0.0,0.0
9141,0.0,-0.236,169.72,0.0,0.0,0.0,0.0
9142,0.0,-2.474,487.76,0.0,0.0,0.0,0.0
9143,0.0,-1.457,247.31,0.0,0.0,0.0,0.0
9144,0.0,1.655,3332.47,0.0,0.0,0.0,0.0
9145,0.0,3.032,560.72,0.0,0.0,0.0,0.0
9146,0.0,-1.941,825.65,0.0,0.0,0.0,0.0
9147,0.0,2.34,247.44,0.0,0.0,0.0,0.0
9148,0.0,0.785,2244.18,0.0,0.0,0.0,0.0
9149,0.0,-0.228,335.63,0.0,0.0,0.0,0.0
9150,0.0,1.833,174.99,0.0,0.0,0.0,0.0
9151,0.0,-1.665,153.06,0.0,0.0,0.0,0.0
9152,0.0,-1.256,223.89,0.0,0.0,0.0,0.0
9153,0.0,-1.817,554.95,0.0,0.0,0.0,0.0
9154,0.0,-0.148,94.33,0.0,0.0,0.0,0.0
9155,0.0,2.175,215.74,0.0,0.0,0.0,0.0
9156,0.0,-1.054,427.49,0.0,0.0,0.0,0.0
9157,0.0,-1.187,1676.98,0.0,0.0,0.0,0.0
9158,0.0,-0.242,45.93,0.0,0.0,0.0,0.0
9159,0.0,-2.983,439.62,0.0,0.0,0.0,0.0
9160,0.0,-1.104,1471.11,0.0,0.0,0.0,0.0
9161,0.0,0.833,393.72,0.0,0.0,0.0,0.0
9162,0.0,-0.573,592.6,0.0,0.0,0.0,0.0
9163,0.0,-1.19,524.01,0.0,0.0,0.0,0.0
9164,0.0,-0.858,946.43,0.0,0.0,0.0,0.0
9165,0.0,-0.897,866.71,0.0,0.0,0.0,0.0
9166,0.0,-2.341,281.9,0.0,0.0,0.0,0.0
9167,0.0,-0.38,375.53,0.0,0.0,0.0,0.0
9168,0.0,-2.729,967.07,0.0,0.0,0.0,0.0
9169,0.0,-0.112,90.41,0.0,0.0,0.0,0.0
9170,0.0,-2.118,476.96,0.0,0.0,0.0,0.0
9171,0.0,0.619,211.06,0.0,0.0,0.0,0.0
9172,0.0,1.823,1839.79,0.0,0.0,0.0,0.0
9173,0.0,2.126,301.17,0.0,0.0,0.0,0.0
9174,0.0,-0.772,921.98,0.0,0.0,0.0,0.0
9175,0.0,2.818,46.5,0.0,0.0,0.0,0.0
9176,0.0,-2.021,2144.22,0.0,0.0,0.0,0.0
9177,0.0,0.443,550.82,0.0,0.0,0.0,0.0
9178,0.0,-2.539,614.39,0.0,0.0,0.0,0.0
9179,0.0,2.108,405.44,0.0,0.0,0.0,0.0
9180,0.0,2.371,341.74,0.0,0.0,0.0,0.0
9181,0.0,-0.015,1148.52,0.0,0.0,0.0,0.0
9182,0.0,1.227,485.61,0.0,0.0,0.0,0.0
9183,0.0,1.059,912.51,0.0,0.0,0.0,0.0
9184,0.0,-2.55,255.32,0.0,0.0,0.0,0.0
9185,0.0,-1.824,388.78,0.0,0.0,0.0,0.0
9186,0.0,-0.581,67.43,0.0,0.0,0.0,0.0
9187,0.0,0.875,124.86,0.0,0.0,0.0,0.0
9188,0.0,-2.124,232.95,0.0,0.0,0.0,0.0
9189,0.0,1.772,1407.62,0.0,0.0,0.0,0.0
9190,0.0,0.568,740.57,0.0,0.0,0.0,0.0
9191,0.0,2.015,77.13,0.0,0.0,0.0,0.0
9192,0.0,-3.093,269.24,0.0,0.0,0.0,0.0
9193,0.0,0.714,282.39,0.0,0.0,0.0,0.0
9194,0.0,-0.336,755.54,0.0,0.0,0.0,0.0
9195,0.0,0.722,169.18,0.0,0.0,0.0,0.0
9196,0.0,-0.25,1947.12,0.0,0.0,0.0,0.0
9197,0.0,2.461,271.25,0.0,0.0,0.0,0.0
9198,0.0,-1.588,42.99,0.0,0.0,0.0,0.0
9199,0.0,2.308,57.46,0.0,0.0,0.0,0.0
9200,0.0,-1.866,1082.09,0.0,0.0,0.0,0.0
9201,0.0,2.494,174.21,0.0,0.0,0.0,0.0
9202,0.0,0.096,119.56,0.0,0.0,0.0,0.0
9203,0.0,0.155,326.48,0.0,0.0,0.0,0.0
9204,0.0,0.451,637.98,0.0,0.0,0.0,0.0
9205,0.0,-0.08,138.32,0.0,0.0,0.0,0.0
9206,0.0,1.063,144.19,0.0,0.0,0.0,0.0
9207,0.0,1.228,979.12,0.0,0.0,0.0,0.0
9208,0.0,2.539,52.71,0.0,0.0,0.0,0.0
9209,0.0,-0.372,557.14,0.0,0.0,0.0,0.0
9210,0.0,1.306,1639.89,0.0,0.0,0.0,0.0
9211,0.0,0.995,1839.78,0.0,0.0,0.0,0.0
9212,0.0,0.079,2578.02,0.0,0.0,0.0,0.0
9213,0.0,1.515,491.75,0.0,0.0,0.0,0.0
9214,0.0,-1.759,994.2,0.0,0.0,0.0,0.0
9215,0.0,2.959,184.1,0.0,0.0,0.0,0.0
9216,0.0,1.055,232.64,0.0,0.0,0.0,0.0
9217,0.0,-1.093,733.44,0.0,0.0,0.0,0.0
9218,0.0,-1.966,504.5,0.0,0.0,0.0,0.0
9219,0.0,-2.077,964.48,0.0,0.0,0.0,0.0
9220,0.0,2.936,2763.4,0.0,0.0,0.0,0.0
9221,0.0,1.766,67.41,0.0,0.0,0.0,0.0
9222,0.0,-2.458,1107.45,0.0,0.0,0.0,0.0
9223,0.0,0.905,1363.75,0.0,0.0,0.0,0.0
9224,0.0,-0.791,744.88,0.0,0.0,0.0,0.0
9225,0.0,-2.609,1266.12,0.0,0.0,0.0,0.0
9226,0.0,-2.234,593.76,0.0,0.0,0.0,0.0
9227,0.0,-2.46,1241.36,0.0,0.0,0.0,0.0
9228,0.0,0.369,991.11,0.0,0.0,0.0,0.0
9229,0.0,1.732,219.57,0.0,0.0,0.0,0.0
9230,0.0,2.673,537.4,0.0,0.0,0.0,0.0
9231,0.0,-0.109,169.91,0.0,0.0,0.0,0.0
9232,0.0,0.291,299.11,0.0,0.0,0.0,0.0
9233,0.0,2.089,753.36,0.0,0.0,0.0,0.0
9234,0.0,3.036,200.71,0.0,0.0,0.0,0.0
9235,0.0,1.365,59.74,0.0,0.0,0.0,0.0
9236,0.0,-2.602,1433.84,0.0,0.0,0.0,0.0
9237,0.0,1.85,1368.28,0.0,0.0,0.0,0.0
9238,0.0,1.028,705.36,0.0,0.0,0.0,0.0
9239,0.0,0.09,110.06,0.0,0.0,0.0,0.0
9240,0.0,2.939,149.5,0.0,0.0,0.0,0.0
9241,0.0,-1.498,958.93,0.0,0.0,0.0,0.0
9242,0.0,2.324,1277.08,0.0,0.0,0.0,0.0
9243,0.0,-1.836,278.42,0.0,0.0,0.0,0.0
9244,0.0,-0.601,109.79,0.0,0.0,0.0,0.0
9245,0.0,-0.356,299.81,0.0,0.0,0.0,0.0
9246,0.0,2.048,493.4,0.0,0.0,0.0,0.0
9247,0.0,0.34,322.18,0.0,0.0,0.0,0.0
9248,0.0,0.703,438.83,0.0,0.0,0.0,0.0
9249,0.0,-2.913,150.59,0.0,0.0,0.0,0.0
9250,0.0,1.055,509.84,0.0,0.0,0.0,0.0
9251,0.0,-2.694,2057.53,0.0,0.0,0.0,0.0
9252,0.0,-1.176,587.72,0.0,0.0,0.0,0.0
9253,0.0,-1.028,147.74,0.0,0.0,0.0,0.0
9254,0.0,1.907,570.75,0.0,0.0,0.0,0.0
9255,0.0,-2.267,1290.54,0.0,0.0,0.0,0.0
9256,0.0,-2.6,392.37,0.0,0.0,0.0,0.0
9257,0.0,-2.963,634.85,0.0,0.0,0.0,0.0
9258,0.0,-1.065,196.07,0.0,0.0,0.0,0.0
9259,0.0,1.97,17.4,0.0,0.0,0.0,0.0
9260,0.0,1.147,1491.04,0.0,0.0,0.0,0.0
9261,0.0,-1.268,426.75,0.0,0.0,0.0,0.0
9262,0.0,-1.91,1289.78,0.0,0.0,0.0,0.0
9263,0.0,3.1,337.64,0.0,0.0,0.0,0.0
9264,0.0,0.273,187.46,0.0,0.0,0.0,0.0
9265,0.0,-1.558,1511.19,0.0,0.0,0.0,0.0
9266,0.0,1.137,234.31,0.0,0.0,0.0,0.0
9267,0.0,1.444,267.21,0.0,0.0,0.0,0.0
9268,0.0,-1.037,1385.03,0.0,0.0,0.0,0.0
9269,0.0,-1.42,292.57,0.0,0.0,0.0,0.0
9270,0.0,-1.074,81.36,0.0,0.0,0.0,0.0
9271,0.0,2.135,231.57,0.0,0.0,0.0,0.0
9272,0.0,-0.385,33.11,0.0,0.0,0.0,0.0
9273,0.0,0.065,550.39,0.0,0.0,0.0,0.0
9274,0.0,2.506,241.67,0.0,0.0,0.0,0.0
9275,0.0,2.722,269.43,0.0,0.0,0.0,0.0
9276,0.0,1.524,503.1,0.0,0.0,0.0,0.0
9277,0.0,1.102,171.7,0.0,0.0,0.0,0.0
9278,0.0,-0.126,885.73,0.0,0.0,0.0,0.0
9279,0.0,-1.323,72.69,0.0,0.0,0.0,0.0
9280,0.0,-1.075,51.02,0.0,0.0,0.0,0.0
9281,0.0,0.363,1388.3,0.0,0.0,0.0,0.0
9282,0.0,0.966,563.43,0.0,0.0,0.0,0.0
9283,0.0,-1.452,261.78,0.0,0.0,0.0,0.0
9284,0.0,0.035,709.5,0.0,0.0,0.0,0.0
9285,0.0,-2.375,42.25,0.0,0.0,0.0,0.0
9286,0.0,2.245,932.76,0.0,0.0,0.0,0.0
9287,0.0,0.448,212.85,0.0,0.0,0.0,0.0
9288,0.0,-2.342,659.96,0.0,0.0,0.0,0.0
9289,0.0,0.365,1826.41,0.0,0.0,0.0,0.0
9290,0.0,-3.11,162.55,0.0,0.0,0.0,0.0
9291,0.0,2.135,836.23,0.0,0.0,0.0,0.0
9292,0.0,-1.908,492.87,0.0,0.0,0.0,0.0
9293,0.0,1.047,934.5,0.0,0.0,0.0,0.0
9294,0.0,1.49,163.87,0.0,0.0,0.0,0.0
9295,0.0,-0.388,251.44,0.0,0.0,0.0,0.0
9296,0.0,-2.186,872.87,0.0,0.0,0.0,0.0
9297,0.0,-1.408,219.74,0.0,0.0,0.0,0.0
9298,0.0,-2.144,374.11,0.0,0.0,0.0,0.0
9299,0.0,2.329,1856.94,0.0,0.0,0.0,0.0
9300,0.0,-0.515,842.24,0.0,0.0,0.0,0.0
9301,0.0,0.495,159.3,0.0,0.0,0.0,0.0
9302,0.0,-0.632,154.04,0.0,0.0,0.0,0.0
9303,0.0,-1.291,1862.48,0.0,0.0,0.0,0.0
9304,0.0,-2.309,415.1,0.0,0.0,0.0,0.0
9305,0.0,-0.086,561.75,0.0,0.0,0.0,0.0
9306,0.0,1.406,386.02,0.0,0.0,0.0,0.0
9307,0.0,2.405,1514.11,0.0,0.0,0.0,0.0
9308,0.0,2.736,39.51,0.0,0.0,0.0,0.0
9309,0.0,2.123,1957.33,0.0,0.0,0.0,0.0
9310,0.0,2.844,885.82,0.0,0.0,0.0,0.0
9311,0.0,-0.756,1290.96,0.0,0.0,0.0,0.0
9312,0.0,-2.431,414.5,0.0,0.0,0.0,0.0
9313,0.0,2.788,1015.59,0.0,0.0,0.0,0.0
9314,0.0,-2.523,1245.3,0.0,0.0,0.0,0.0
9315,0.0,-1.746,740.48,0.0,0.0,0.0,0.0
9316,0.0,2.605,380.04,0.0,0.0,0.0,0.0
9317,0.0,-2.942,946.87,0.0,0.0,0.0,0.0
9318,0.0,2.341,158.8,0.0,0.0,0.0,0.0
9319,0.0,1.258,2722.73,0.0,0.0,0.0,0.0
9320,0.0,2.751,53.35,0.0,0.0,0.0,0.0
9321,0.0,0.998,337.61,0.0,0.0,0.0,0.0
9322,0.0,3.098,367.17,0.0,0.0,0.0,0.0
9323,0.0,-1.178,113.85,0.0,0.0,0.0,0.0
9324,0.0,1.725,706.12,0.0,0.0,0.0,0.0
9325,0.0,0.062,1318.92,0.0,0.0,0.0,0.0
9326,0.0,0.402,90.37,0.0,0.0,0.0,0.0
9327,0.0,-1.148,97.85,0.0,0.0,0.0,0.0
9328,0.0,2.832,271.27,0.0,0.0,0.0,0.0
9329,0.0,0.832,24.07,0.0,0.0,0.0,0.0
9330,0.0,0.572,1062.3,0.0,0.0,0.0,0.0
9331,0.0,1.078,1424.07,0.0,0.0,0.0,0.0
9332,0.0,1.88,627.06,0.0,0.0,0.0,0.0
9333,0.0,-2.334,290.93,0.0,0.0,0.0,0.0
9334,0.0,-1.249,399.82,0.0,0.0,0.0,0.0
9335,0.0,-0.055,137.16,0.0,0.0,0.0,0.0
9336,0.0,-2.555,2241.87,0.0,0.0,0.0,0.0
9337,0.0,1.602,1122.28,0.0,0.0,0.0,0.0
9338,0.0,-2.064,101.81,0.0,0.0,0.0,0.0
9339,0.0,2.464,161.29,0.0,0.0,0.0,0.0
9340,0.0,-2.78,208.18,0.0,0.0,0.0,0.0
9341,0.0,1.698,544.93,0.0,0.0,0.0,0.0
9342,0.0,2.182,674.74,0.0,0.0,0.0,0.0
9343,0.0,-1.417,1930.67,0.0,0.0,0.0,0.0
9344,0.0,-2.92,306.99,0.0,0.0,0.0,0.0
9345,0.0,-2.185,391.3,0.0,0.0,0.0,0.0
9346,0.0,0.604,609.26,0.0,0.0,0.0,0.0
9347,0.0,1.677,865.01,0.0,0.0,0.0,0.0
9348,0.0,1.877,218.4,0.0,0.0,0.0,0.0
9349,0.0,-0.655,1956.61,0.0,0.0,0.0,0.0
9350,0.0,-1.699,341.75,0.0,0.0,0.0,0.0
9351,0.0,-2.057,2423.0,0.0,0.0,0.0,0.0
9352,0.0,1.205,910.47,0.0,0.0,0.0,0.0
9353,0.0,-0.868,2019.97,0.0,0.0,0.0,0.0
9354,0.0,3.067,789.0,0.0,0.0,0.0,0.0
9355,0.0,-1.042,203.36,0.0,0.0,0.0,0.0
9356,0.0,2.358,270.46,0.0,0.0,0.0,0.0
9357,0.0,-2.528,114.15,0.0,0.0,0.0,0.0
9358,0.0,-1.457,267.51,0.0,0.0,0.0,0.0
9359,0.0,-2.911,1236.18,0.0,0.0,0.0,0.0
9360,0.0,-1.184,276.84,0.0,0.0,0.0,0.0
9361,0.0,0.262,686.37,0.0,0.0,0.0,0.0
9362,0.0,-1.709,33.38,0.0,0.0,0.0,0.0
9363,0.0,2.913,839.98,0.0,0.0,0.0,0.0
9364,0.0,0.477,201.4,0.0,0.0,0.0,0.0
9365,0.0,2.784,511.77,0.0,0.0,0.0,0.0
9366,0.0,1.868,3534.67,0.0,0.0,0.0,0.0
9367,0.0,-2.665,632.5,0.0,0.0,0.0,0.0
9368,0.0,-0.082,452.19,0.0,0.0,0.0,0.0
9369,0.0,1.61,353.65,0.0,0.0,0.0,0.0
9370,0.0,-0.845,157.32,0.0,0.0,0.0,0.0
9371,0.0,-3.1,222.23,0.0,0.0,0.0,0.0
9372,0.0,-0.914,255.72,0.0,0.0,0.0,0.0
9373,0.0,-2.829,237.84,0.0,0.0,0.0,0.0
9374,0.0,-2.475,966.29,0.0,0.0,0.0,0.0
9375,0.0,2.28,1960.08,0.0,0.0,0.0,0.0
9376,0.0,2.343,848.27,0.0,0.0,0.0,0.0
9377,0.0,3.138,1559.1,0.0,0.0,0.0,0.0
9378,0.0,-1.391,285.11,0.0,0.0,0.0,0.0
9379,0.0,-1.371,1039.53,0.0,0.0,0.0,0.0
9380,0.0,-0.922,572.16,0.0,0.0,0.0,0.0
9381,0.0,-1.172,421.86,0.0,0.0,0.0,0.0
9382,0.0,1.588,489.9,0.0,0.0,0.0,0.0
9383,0.0,2.688,109.68,0.0,0.0,0.0,0.0
9384,0.0,2.147,104.09,0.0,0.0,0.0,0.0
9385,0.0,-2.38,837.23,0.0,0.0,0.0,0.0
9386,0.0,-2.228,286.14,0.0,0.0,0.0,0.0
9387,0.0,-2.58,234.87,0.0,0.0,0.0,0.0
9388,0.0,0.142,841.51,0.0,0.0,0.0,0.0
9389,0.0,0.401,125.77,0.0,0.0,0.0,0.0
9390,0.0,2.647,264.49,0.0,0.0,0.0,0.0
9391,0.0,-2.514,2637.27,0.0,0.0,0.0,0.0
9392,0.0,-1.451,1331.66,0.0,0.0,0.0,0.0
9393,0.0,-0.874,159.45,0.0,0.0,0.0,0.0
9394,0.0,-1.407,18.08,0.0,0.0,0.0,0.0
9395,0.0,1.152,901.48,0.0,0.0,0.0,0.0
9396,0.0,-1.46,2136.71,0.0,0.0,0.0,0.0
9397,0.0,1.406,2869.79,0.0,0.0,0.0,0.0
9398,0.0,0.487,650.01,0.0,0.0,0.0,0.0
9399,0.0,-0.08,442.04,0.0,0.0,0.0,0.0
9400,0.0,-2.829,190.87,0.0,0.0,0.0,0.0
9401,0.0,-0.811,47.85,0.0,0.0,0.0,0.0
9402,0.0,0.66,472.83,0.0,0.0,0.0,0.0
9403,0.0,-1.425,64.35,0.0,0.0,0.0,0.0
9404,0.0,1.504,176.24,0.0,0.0,0.0,0.0
9405,0.0,-2.047,146.03,0.0,0.0,0.0,0.0
9406,0.0,0.185,2407.64,0.0,0.0,0.0,0.0
9407,0.0,-1.347,887.2,0.0,0.0,0.0,0.0
9408,0.0,1.857,2230.29,0.0,0.0,0.0,0.0
9409,0.0,0.342,301.96,0.0,0.0,0.0,0.0
9410,0.0,1.188,254.04,0.0,0.0,0.0,0.0
9411,0.0,-0.657,163.48,0.0,0.0,0.0,0.0
9412,0.0,2.904,556.74,0.0,0.0,0.0,0.0
9413,0.0,-0.956,901.82,0.0,0.0,0.0,0.0
9414,0.0,-0.16,61.27,0.0,0.0,0.0,0.0
9415,0.0,-2.201,412.41,0.0,0.0,0.0,0.0
9416,0.0,1.319,371.17,0.0,0.0,0.0,0.0
9417,0.0,1.346,222.06,0.0,0.0,0.0,0.0
9418,0.0,-0.173,1774.04,0.0,0.0,0.0,0.0
9419,0.0,-1.756,912.92,0.0,0.0,0.0,0.0
9420,0.0,-0.218,331.89,0.0,0.0,0.0,0.0
9421,0.0,1.57,150.11,0.0,0.0,0.0,0.0
9422,0.0,-0.941,811.16,0.0,0.0,0.0,0.0
9423,0.0,-0.938,382.07,0.0,0.0,0.0,0.0
9424,0.0,0.127,160.1,0.0,0.0,0.0,0.0
9425,0.0,-2.457,20.72,0.0,0.0,0.0,0.0
9426,0.0,-0.398,448.63,0.0,0.0,0.0,0.0
9427,0.0,2.4,337.97,0.0,0.0,0.0,0.0
9428,0.0,0.84,958.81,0.0,0.0,0.0,0.0
9429,0.0,2.428,316.35,0.0,0.0,0.0,0.0
9430,0.0,-1.183,1097.94,0.0,0.0,0.0,0.0
9431,0.0,2.493,859.5,0.0,0.0,0.0,0.0
9432,0.0,2.556,2466.49,0.0,0.0,0.0,0.0
9433,0.0,-0.824,94.99,0.0,0.0,0.0,0.0
9434,0.0,2.398,2029.02,0.0,0.0,0.0,0.0
9435,0.0,2.848,566.05,0.0,0.0,0.0,0.0
9436,0.0,-0.35,474.95,0.0,0.0,0.0,0.0
9437,0.0,-0.341,734.61,0.0,0.0,0.0,0.0
9438,0.0,0.034,1134.72,0.0,0.0,0.0,0.0
9439,0.0,-2.402,798.26,0.0,0.0,0.0,0.0
9440,0.0,1.526,1039.31,0.0,0.0,0.0,0.0
9441,0.0,2.017,193.12,0.0,0.0,0.0,0.0
9442,0.0,2.706,106.63,0.0,0.0,0.0,0.0
9443,0.0,0.287,696.83,0.0,0.0,0.0,0.0
9444,0.0,-0.907,22.12,0.0,0.0,0.0,0.0
9445,0.0,1.714,293.44,0.0,0.0,0.0,0.0
9446,0.0,-2.083,225.71,0.0,0.0,0.0,0.0
9447,0.0,-1.174,234.68,0.0,0.0,0.0,0.0
9448,0.0,-2.96,1213.84,0.0,0.0,0.0,0.0
9449,0.0,3.127,104.09,0.0,0.0,0.0,0.0
9450,0.0,1.063,768.66,0.0,0.0,0.0,0.0
9451,0.0,1.783,560.21,0.0,0.0,0.0,0.0
9452,0.0,-0.618,347.79,0.0,0.0,0.0,0.0
9453,0.0,-0.75,717.32,0.0,0.0,0.0,0.0
9454,0.0,0.151,147.71,0.0,0.0,0.0,0.0
9455,0.0,3.056,2660.47,0.0,0.0,0.0,0.0
9456,0.0,1.119,1826.49,0.0,0.0,0.0,0.0
9457,0.0,1.064,398.52,0.0,0.0,0.0,0.0
9458,0.0,2.618,137.11,0.0,0.0,0.0,0.0
9459,0.0,-0.245,1348.59,0.0,0.0,0.0,0.0
9460,0.0,-0.313,298.67,0.0,0.0,0.0,0.0
9461,0.0,-2.857,230.43,0.0,0.0,0.0,0.0
9462,0.0,2.474,215.97,0.0,0.0,0.0,0.0
9463,0.0,-0.894,159.76,0.0,0.0,0.0,0.0
9464,0.0,1.368,378.48,0.0,0.0,0.0,0.0
9465,0.0,-0.66,49.9,0.0,0.0,0.0,0.0
9466,0.0,-1.832,2914.64,0.0,0.0,0.0,0.0
9467,0.0,-1.877,302.34,0.0,0.0,0.0,0.0
9468,0.0,0.125,306.42,0.0,0.0,0.0,0.0
9469,0.0,-2.67,45.02,0.0,0.0,0.0,0.0
9470,0.0,-2.167,1265.01,0.0,0.0,0.0,0.0
9471,0.0,-1.16,66.9,0.0,0.0,0.0,0.0
9472,0.0,-1.562,116.32,0.0,0.0,0.0,0.0
9473,0.0,1.245,201.0,0.0,0.0,0.0,0.0
9474,0.0,2.349,778.14,0.0,0.0,0.0,0.0
9475,0.0,-1.148,1124.29,0.0,0.0,0.0,0.0
9476,0.0,2.492,182.69,0.0,0.0,0.0,0.0
9477,0.0,0.881,1200.02,0.0,0.0,0.0,0.0
9478,0.0,0.845,275.91,0.0,0.0,0.0,0.0
9479,0.0,1.069,587.92,0.0,0.0,0.0,0.0
9480,0.0,2.797,778.34,0.0,0.0,0.0,0.0
9481,0.0,1.634,461.34,0.0,0.0,0.0,0.0
9482,0.0,1.361,3304.54,0.0,0.0,0.0,0.0
9483,0.0,0.611,220.31,0.0,0.0,0.0,0.0
9484,0.0,-0.507,119.29,0.0,0.0,0.0,0.0
9485,0.0,-3.111,1333.65,0.0,0.0,0.0,0.0
9486,0.0,1.266,326.83,0.0,0.0,0.0,0.0
9487,0.0,-0.041,2813.21,0.0,0.0,0.0,0.0
9488,0.0,-3.031,288.79,0.0,0.0,0.0,0.0
9489,0.0,-2.414,356.85,0.0,0.0,0.0,0.0
9490,0.0,-2.413,383.34,0.0,0.0,0.0,0.0
9491,0.0,2.132,1269.26,0.0,0.0,0.0,0.0
9492,0.0,1.309,172.19,0.0,0.0,0.0,0.0
9493,0.0,0.971,757.36,0.0,0.0,0.0,0.0
9494,0.0,0.701,426.54,0.0,0.0,0.0,0.0
9495,0.0,2.0,542.57,0.0,0.0,0.0,0.0
9496,0.0,-2.83,1005.11,0.0,0.0,0.0,0.0
9497,0.0,-2.105,387.2,0.0,0.0,0.0,0.0
9498,0.0,2.24,139.59,0.0,0.0,0.0,0.0
9499,0.0,0.84,405.05,0.0,0.0,0.0,0.0
9500,0.0,3.053,229.71,0.0,0.0,0.0,0.0
9501,0.0,-2.225,549.73,0.0,0.0,0.0,0.0
9502,0.0,-1.944,87.0,0.0,0.0,0.0,0.0
9503,0.0,-2.853,357.08,0.0,0.0,0.0,0.0
9504,0.0,0.607,294.73,0.0,0.0,0.0,0.0
9505,0.0,1.689,450.26,0.0,0.0,0.0,0.0
9506,0.0,-0.52,106.72,0.0,0.0,0.0,0.0
9507,0.0,-2.839,1072.52,0.0,0.0,0.0,0.0
9508,0.0,-1.775,797.61,0.0,0.0,0.0,0.0
9509,0.0,1.192,264.31,0.0,0.0,0.0,0.0
9510,0.0,-1.43,198.37,0.0,0.0,0.0,0.0
9511,0.0,-0.777,137.46,0.0,0.0,0.0,0.0
9512,0.0,-2.28,1434.52,0.0,0.0,0.0,0.0
9513,0.0,-1.414,89.39,0.0,0.0,0.0,0.0
9514,0.0,-2.153,793.23,0.0,0.0,0.0,0.0
9515,0.0,-0.569,327.9,0.0,0.0,0.0,0.0
9516,0.0,-1.266,296.39,0.0,0.0,0.0,0.0
9517,0.0,-1.29,136.53,0.0,0.0,0.0,0.0
9518,0.0,1.59,103.49,0.0,0.0,0.0,0.0
9519,0.0,2.338,170.33,0.0,0.0,0.0,0.0
9520,0.0,1.109,58.46,0.0,0.0,0.0,0.0
9521,0.0,-1.315,1252.19,0.0,0.0,0.0,0.0
9522,0.0,-0.215,215.43,0.0,0.0,0.0,0.0
9523,0.0,-2.476,897.31,0.0,0.0,0.0,0.0
9524,0.0,-2.591,360.5,0.0,0.0,0.0,0.0
9525,0.0,2.673,267.64,0.0,0.0,0.0,0.0
9526,0.0,-2.011,3005.17,0.0,0.0,0.0,0.0
9527,0.0,0.017,1040.41,0.0,0.0,0.0,0.0
9528,0.0,0.269,793.9,0.0,0.0,0.0,0.0
9529,0.0,1.373,3018.77,0.0,0.0,0.0,0.0
9530,0.0,2.723,176.47,0.0,0.0,0.0,0.0
9531,0.0,-0.849,659.97,0.0,0.0,0.0,0.0
9532,0.0,-2.852,326.13,0.0,0.0,0.0,0.0
9533,0.0,-0.17,229.81,0.0,0.0,0.0,0.0
9534,0.0,-0.998,252.88,0.0,0.0,0.0,0.0
9535,0.0,-0.258,647.87,0.0,0.0,0.0,0.0
9536,0.0,-0.329,1742.28,0.0,0.0,0.0,0.0
9537,0.0,0.875,154.99,0.0,0.0,0.0,0.0
9538,0.0,2.413,2057.79,0.0,0.0,0.0,0.0
9539,0.0,-1.829,207.77,0.0,0.0,0.0,0.0
9540,0.0,-2.002,594.17,0.0,0.0,0.0,0.0
9541,0.0,-0.417,2039.34,0.0,0.0,0.0,0.0
9542,0.0,-1.057,413.27,0.0,0.0,0.0,0.0
9543,0.0,2.613,303.81,0.0,0.0,0.0,0.0
9544,0.0,-1.792,2115.98,0.0,0.0,0.0,0.0
9545,0.0,2.106,3367.04,0.0,0.0,0.0,0.0
9546,0.0,2.43,1826.72,0.0,0.0,0.0,0.0
9547,0.0,0.192,1805.64,0.0,0.0,0.0,0.0
9548,0.0,2.328,51.62,0.0,0.0,0.0,0.0
9549,0.0,-0.046,303.48,0.0,0.0,0.0,0.0
9550,0.0,2.262,138.62,0.0,0.0,0.0,0.0
9551,0.0,-1.628,177.12,0.0,0.0,0.0,0.0
9552,0.0,-1.079,31.02,0.0,0.0,0.0,0.0
9553,0.0,1.147,1943.33,0.0,0.0,0.0,0.0
9554,0.0,-1.895,257.77,0.0,0.0,0.0,0.0
9555,0.0,-2.643,1623.21,0.0,0.0,0.0,0.0
9556,0.0,1.32,549.78,0.0,0.0,0.0,0.0
9557,0.0,2.451,689.13,0.0,0.0,0.0,0.0
9558,0.0,-1.646,411.84,0.0,0.0,0.0,0.0
9559,0.0,2.587,627.91,0.0,0.0,0.0,0.0
9560,0.0,0.498,597.34,0.0,0.0,0.0,0.0
9561,0.0,-1.084,181.2,0.0,0.0,0.0,0.0
9562,0.0,1.469,414.8,0.0,0.0,0.0,0.0
9563,0.0,0.106,252.21,0.0,0.0,0.0,0.0
9564,0.0,2.091,100.64,0.0,0.0,0.0,0.0
9565,0.0,2.447,405.48,0.0,0.0,0.0,0.0
9566,0.0,1.954,513.74,0.0,0.0,0.0,0.0
9567,0.0,1.753,103.02,0.0,0.0,0.0,0.0
9568,0.0,0.244,41.37,0.0,0.0,0.0,0.0
9569,0.0,0.06,366.7,0.0,0.0,0.0,0.0
9570,0.0,0.276,212.86,0.0,0.0,0.0,0.0
9571,0.0,-0.951,889.82,0.0,0.0,0.0,0.0
9572,0.0,0.11,462.39,0.0,0.0,0.0,0.0
9573,0.0,3.028,135.64,0.0,0.0,0.0,0.0
9574,0.0,-3.087,1078.12,0.0,0.0,0.0,0.0
9575,0.0,-0.144,757.21,0.0,0.0,0.0,0.0
9576,0.0,-2.887,691.31,0.0,0.0,0.0,0.0
9577,0.0,-1.852,70.35,0.0,0.0,0.0,0.0
9578,0.0,-1.161,114.8,0.0,0.0,0.0,0.0
9579,0.0,2.983,719.42,0.0,0.0,0.0,0.0
9580,0.0,-0.659,1830.96,0.0,0.0,0.0,0.0
9581,0.0,-1.336,191.69,0.0,0.0,0.0,0.0
9582,0.0,-0.786,314.76,0.0,0.0,0.0,0.0
9583,0.0,-2.732,488.81,0.0,0.0,0.0,0.0
9584,0.0,1.48,1537.84,0.0,0.0,0.0,0.0
9585,0.0,-1.615,387.44,0.0,0.0,0.0,0.0
9586,0.0,-2.395,46.59,0.0,0.0,0.0,0.0
9587,0.0,-1.365,285.57,0.0,0.0,0.0,0.0
9588,0.0,-1.348,109.16,0.0,0.0,0.0,0.0
9589,0.0,-1.959,3054.4,0.0,0.0,0.0,0.0
9590,0.0,0.218,140.57,0.0,0.0,0.0,0.0
9591,0.0,0.516,733.42,0.0,0.0,0.0,0.0
9592,0.0,-0.331,1671.28,0.0,0.0,0.0,0.0
9593,0.0,-1.613,354.09,0.0,0.0,0.0,0.0
9594,0.0,1.46,384.01,0.0,0.0,0.0,0.0
9595,0.0,-3.086,1207.94,0.0,0.0,0.0,0.0
9596,0.0,-0.543,2056.19,0.0,0.0,0.0,0.0
9597,0.0,0.407,963.24,0.0,0.0,0.0,0.0
9598,0.0,-0.289,214.52,0.0,0.0,0.0,0.0
9599,0.0,1.761,179.25,0.0,0.0,0.0,0.0
9600,0.0,-2.971,970.58,0.0,0.0,0.0,0.0
9601,0.0,1.861,347.93,0.0,0.0,0.0,0.0
9602,0.0,-1.56,1421.08,0.0,0.0,0.0,0.0
9603,0.0,1.291,125.44,0.0,0.0,0.0,0.0
9604,0.0,0.619,809.85,0.0,0.0,0.0,0.0
9605,0.0,-0.58,1098.12,0.0,0.0,0.0,0.0
9606,0.0,1.232,119.55,0.0,0.0,0.0,0.0
9607,0.0,-1.878,282.16,0.0,0.0,0.0,0.0
9608,0.0,0.274,176.71,0.0,0.0,0.0,0.0
9609,0.0,1.102,325.91,0.0,0.0,0.0,0.0
9610,0.0,2.727,7.78,0.0,0.0,0.0,0.0
9611,0.0,2.107,307.56,0.0,0.0,0.0,0.0
9612,0.0,-0.416,340.3,0.0,0.0,0.0,0.0
9613,0.0,-2.997,348.52,0.0,0.0,0.0,0.0
9614,0.0,0.837,513.09,0.0,0.0,0.0,0.0
9615,0.0,-1.752,2381.68,0.0,0.0,0.0,0.0
9616,0.0,-1.597,66.73,0.0,0.0,0.0,0.0
9617,0.0,0.045,1644.46,0.0,0.0,0.0,0.0
9618,0.0,2.315,1767.8,0.0,0.0,0.0,0.0
9619,0.0,-0.77,106.37,0.0,0.0,0.0,0.0
9620,0.0,-0.182,799.4,0.0,0.0,0.0,0.0
9621,0.0,-1.816,629.58,0.0,0.0,0.0,0.0
9622,0.0,-2.595,1385.65,0.0,0.0,0.0,0.0
9623,0.0,2.501,686.57,0.0,0.0,0.0,0.0
9624,0.0,-0.354,1199.47,0.0,0.0,0.0,0.0
9625,0.0,-0.091,1877.83,0.0,0.0,0.0,0.0
9626,0.0,-1.944,2899.17,0.0,0.0,0.0,0.0
9627,0.0,1.918,457.83,0.0,0.0,0.0,0.0
9628,0.0,1.022,292.59,0.0,0.0,0.0,0.0
9629,0.0,1.806,61.32,0.0,0.0,0.0,0.0
9630,0.0,-1.594,948.29,0.0,0.0,0.0,0.0
9631,0.0,2.91,405.63,0.0,0.0,0.0,0.0
9632,0.0,2.019,974.12,0.0,0.0,0.0,0.0
9633,0.0,-2.531,255.71,0.0,0.0,0.0,0.0
9634,0.0,-0.808,123.57,0.0,0.0,0.0,0.0
9635,0.0,1.437,832.16,0.0,0.0,0.0,0.0
9636,0.0,-0.081,219.79,0.0,0.0,0.0,0.0
9637,0.0,0.582,2262.0,0.0,0.0,0.0,0.0
9638,0.0,-2.247,175.61,0.0,0.0,0.0,0.0
9639,0.0,-2.383,135.89,0.0,0.0,0.0,0.0
9640,0.0,0.334,664.49,0.0,0.0,0.0,0.0
9641,0.0,-1.813,574.86,0.0,0.0,0.0,0.0
9642,0.0,-1.075,492.96,0.0,0.0,0.0,0.0
9643,0.0,2.84,27.99,0.0,0.0,0.0,0.0
9644,0.0,0.472,584.49,0.0,0.0,0.0,0.0
9645,0.0,3.111,201.63,0.0,0.0,0.0,0.0
9646,0.0,0.221,215.12,0.0,0.0,0.0,0.0
9647,0.0,-0.044,305.49,0.0,0.0,0.0,0.0
9648,0.0,1.352,150.02,0.0,0.0,0.0,0.0
9649,0.0,-0.398,530.64,0.0,0.0,0.0,0.0
9650,0.0,0.719,658.7,0.0,0.0,0.0,0.0
9651,0.0,-0.252,663.88,0.0,0.0,0.0,0.0
9652,0.0,2.691,10.0,0.0,0.0,0.0,0.0
9653,0.0,3.107,691.55,0.0,0.0,0.0,0.0
9654,0.0,3.119,1155.72,0.0,0.0,0.0,0.0
9655,0.0,-0.769,106.87,0.0,0.0,0.0,0.0
9656,0.0,-0.425,424.84,0.0,0.0,0.0,0.0
9657,0.0,-0.041,106.64,0.0,0.0,0.0,0.0
9658,0.0,1.541,474.5,0.0,0.0,0.0,0.0
9659,0.0,-0.102,1163.75,0.0,0.0,0.0,0.0
9660,0.0,-0.84,551.99,0.0,0.0,0.0,0.0
9661,0.0,-0.172,325.29,0.0,0.0,0.0,0.0
9662,0.0,2.085,101.01,0.0,0.0,0.0,0.0
9663,0.0,1.726,260.18,0.0,0.0,0.0,0.0
9664,0.0,-1.043,18.65,0.0,0.0,0.0,0.0
9665,0.0,-0.207,323.14,0.0,0.0,0.0,0.0
9666,0.0,2.641,2623.07,0.0,0.0,0.0,0.0
9667,0.0,2.175,616.36,0.0,0.0,0.0,0.0
9668,0.0,-2.318,145.3,0.0,0.0,0.0,0.0
9669,0.0,-0.134,347.22,0.0,0.0,0.0,0.0
9670,0.0,1.947,20.36,0.0,0.0,0.0,0.0
9671,0.0,0.005,264.59,0.0,0.0,0.0,0.0
9672,0.0,-2.708,538.91,0.0,0.0,0.0,0.0
9673,0.0,2.751,989.19,0.0,0.0,0.0,0.0
9674,0.0,-1.501,162.0,0.0,0.0,0.0,0.0
9675,0.0,-0.977,89.69,0.0,0.0,0.0,0.0
9676,0.0,-2.007,738.83,0.0,0.0,0.0,0.0
9677,0.0,1.38,354.01,0.0,0.0,0.0,0.0
9678,0.0,-0.323,234.56,0.0,0.0,0.0,0.0
9679,0.0,-0.582,790.52,0.0,0.0,0.0,0.0
9680,0.0,1.41,2050.85,0.0,0.0,0.0,0.0
9681,0.0,2.795,1758.97,0.0,0.0,0.0,0.0
9682,0.0,-2.135,270.41,0.0,0.0,0.0,0.0
9683,0.0,2.392,60.3,0.0,0.0,0.0,0.0
9684,0.0,-1.059,1477.83,0.0,0.0,0.0,0.0
9685,0.0,0.036,211.16,0.0,0.0,0.0,0.0
9686,0.0,-1.072,209.65,0.0,0.0,0.0,0.0
9687,0.0,0.7,130.32,0.0,0.0,0.0,0.0
9688,0.0,-1.633,628.68,0.0,0.0,0.0,0.0
9689,0.0,0.503,143.14,0.0,0.0,0.0,0.0
9690,0.0,-2.103,110.97,0.0,0.0,0.0,0.0
9691,0.0,0.3,40.17,0.0,0.0,0.0,0.0
9692,0.0,-1.372,1649.36,0.0,0.0,0.0,0.0
9693,0.0,-0.253,543.74,0.0,0.0,0.0,0.0
9694,0.0,-1.956,80.4,0.0,0.0,0.0,0.0
9695,0.0,-2.72,225.89,0.0,0.0,0.0,0.0
9696,0.0,-3.0,1081.7,0.0,0.0,0.0,0.0
9697,0.0,-0.048,268.86,0.0,0.0,0.0,0.0
9698,0.0,-2.764,395.88,0.0,0.0,0.0,0.0
9699,0.0,3.107,100.47,0.0,0.0,0.0,0.0
9700,0.0,-0.39,201.88,0.0,0.0,0.0,0.0
9701,0.0,1.068,1654.24,0.0,0.0,0.0,0.0
9702,0.0,1.862,2291.74,0.0,0.0,0.0,0.0
9703,0.0,0.705,66.85,0.0,0.0,0.0,0.0
9704,0.0,-2.338,1236.21,0.0,0.0,0.0,0.0
9705,0.0,2.45,277.26,0.0,0.0,0.0,0.0
9706,0.0,2.631,733.87,0.0,0.0,0.0,0.0
9707,0.0,0.603,777.24,0.0,0.0,0.0,0.0
9708,0.0,0.433,221.96,0.0,0.0,0.0,0.0
9709,0.0,-3.023,14.91,0.0,0.0,0.0,0.0
9710,0.0,-2.464,346.79,0.0,0.0,0.0,0.0
9711,0.0,1.384,278.08,0.0,0.0,0.0,0.0
9712,0.0,-2.736,509.69,0.0,0.0,0.0,0.0
9713,0.0,-1.521,991.94,0.0,0.0,0.0,0.0
9714,0.0,-0.152,344.83,0.0,0.0,0.0,0.0
9715,0.0,-1.708,369.8,0.0,0.0,0.0,0.0
9716,0.0,0.247,34.73,0.0,0.0,0.0,0.0
9717,0.0,2.143,978.82,0.0,0.0,0.0,0.0
9718,0.0,-1.417,1568.11,0.0,0.0,0.0,0.0
9719,0.0,-3.086,177.47,0.0,0.0,0.0,0.0
9720,0.0,1.346,1121.68,0.0,0.0,0.0,0.0
9721,0.0,0.361,287.04,0.0,0.0,0.0,0.0
9722,0.0,-1.135,495.34,0.0,0.0,0.0,0.0
9723,0.0,-2.978,396.85,0.0,0.0,0.0,0.0
9724,0.0,-2.647,176.0,0.0,0.0,0.0,0.0
9725,0.0,2.646,1625.81,0.0,0.0,0.0,0.0
9726,0.0,1.148,1216.01,0.0,0.0,0.0,0.0
9727,0.0,-1.078,193.68,0.0,0.0,0.0,0.0
9728,0.0,0.502,432.58,0.0,0.0,0.0,0.0
9729,0.0,2.621,1091.49,0.0,0.0,0.0,0.0
9730,0.0,-1.769,230.14,0.0,0.0,0.0,0.0
9731,0.0,2.27,696.62,0.0,0.0,0.0,0.0
9732,0.0,2.235,203.3,0.0,0.0,0.0,0.0
9733,0.0,0.535,295.86,0.0,0.0,0.0,0.0
9734,0.0,-3.066,78.81,0.0,0.0,0.0,0.0
9735,0.0,2.385,1260.46,0.0,0.0,0.0,0.0
9736,0.0,0.284,78.14,0.0,0.0,0.0,0.0
9737,0.0,0.112,323.03,0.0,0.0,0.0,0.0
9738,0.0,2.268,295.81,0.0,0.0,0.0,0.0
9739,0.0,-1.864,146.42,0.0,0.0,0.0,0.0
9740,0.0,0.4,306.88,0.0,0.0,0.0,0.0
9741,0.0,-1.516,189.34,0.0,0.0,0.0,0.0
9742,0.0,1.831,73.26,0.0,0.0,0.0,0.0
9743,0.0,-2.721,231.7,0.0,0.0,0.0,0.0
9744,0.0,-1.09,268.46,0.0,0.0,0.0,0.0
9745,0.0,0.862,1529.84,0.0,0.0,0.0,0.0
9746,0.0,-1.568,1621.33,0.0,0.0,0.0,0.0
9747,0.0,-1.84,96.79,0.0,0.0,0.0,0.0
9748,0.0,-1.799,622.2,0.0,0.0,0.0,0.0
9749,0.0,2.258,65.9,0.0,0.0,0.0,0.0
9750,0.0,-3.084,1827.82,0.0,0.0,0.0,0.0
9751,0.0,-3.032,366.72,0.0,0.0,0.0,0.0
9752,0.0,-2.255,393.2,0.0,0.0,0.0,0.0
9753,0.0,0.036,1200.42,0.0,0.0,0.0,0.0
9754,0.0,-1.653,288.63,0.0,0.0,0.0,0.0
9755,0.0,0.677,1266.65,0.0,0.0,0.0,0.0
9756,0.0,-0.833,133.52,0.0,0.0,0.0,0.0
9757,0.0,-1.307,217.78,0.0,0.0,0.0,0.0
9758,0.0,3.055,135.71,0.0,0.0,0.0,0.0
9759,0.0,-1.614,175.63,0.0,0.0,0.0,0.0
9760,0.0,0.812,455.06,0.0,0.0,0.0,0.0
9761,0.0,0.472,90.91,0.0,0.0,0.0,0.0
9762,0.0,2.123,1024.7,0.0,0.0,0.0,0.0
9763,0.0,3.105,339.76,0.0,0.0,0.0,0.0
9764,0.0,2.658,1401.55,0.0,0.0,0.0,0.0
9765,0.0,1.087,773.78,0.0,0.0,0.0,0.0
9766,0.0,-1.847,1713.91,0.0,0.0,0.0,0.0
9767,0.0,2.935,134.27,0.0,0.0,0.0,0.0
9768,0.0,-0.605,65.42,0.0,0.0,0.0,0.0
9769,0.0,-0.871,471.23,0.0,0.0,0.0,0.0
9770,0.0,2.345,155.76,0.0,0.0,0.0,0.0
9771,0.0,-0.77,1564.61,0.0,0.0,0.0,0.0
9772,0.0,0.82,32.56,0.0,0.0,0.0,0.0
9773,0.0,2.474,62.66,0.0,0.0,0.0,0.0
9774,0.0,1.652,349.95,0.0,0.0,0.0,0.0
9775,0.0,-1.408,87.86,0.0,0.0,0.0,0.0
9776,0.0,-2.898,789.8,0.0,0.0,0.0,0.0
9777,0.0,0.699,433.39,0.0,0.0,0.0,0.0
9778,0.0,1.656,2293.85,0.0,0.0,0.0,0.0
9779,0.0,-2.635,83.52,0.0,0.0,0.0,0.0
9780,0.0,2.071,561.65,0.0,0.0,0.0,0.0
9781,0.0,-0.374,392.51,0.0,0.0,0.0,0.0
9782,0.0,1.964,598.44,0.0,0.0,0.0,0.0
9783,0.0,-0.11,128.58,0.0,0.0,0.0,0.0
9784,0.0,1.154,939.18,0.0,0.0,0.0,0.0
9785,0.0,1.649,87.82,0.0,0.0,0.0,0.0
9786,0.0,-1.199,165.83,0.0,0.0,0.0,0.0
9787,0.0,-0.855,461.79,0.0,0.0,0.0,0.0
9788,0.0,1.062,2543.68,0.0,0.0,0.0,0.0
9789,0.0,0.83,371.96,0.0,0.0,0.0,0.0
9790,0.0,-0.076,398.0,0.0,0.0,0.0,0.0
9791,0.0,-2.757,2949.22,0.0,0.0,0.0,0.0
9792,0.0,-0.122,85.73,0.0,0.0,0.0,0.0
9793,0.0,-2.715,411.37,0.0,0.0,0.0,0.0
9794,0.0,1.956,1289.92,0.0,0.0,0.0,0.0
9795,0.0,2.227,1130.54,0.0,0.0,0.0,0.0
9796,0.0,3.063,68.01,0.0,0.0,0.0,0.0
9797,0.0,-1.45,497.35,0.0,0.0,0.0,0.0
9798,0.0,-3.08,288.91,0.0,0.0,0.0,0.0
9799,0.0,2.09,1529.12,0.0,0.0,0.0,0.0
9800,0.0,-0.831,230.38,0.0,0.0,0.0,0.0
9801,0.0,0.774,325.35,0.0,0.0,0.0,0.0
9802,0.0,-2.563,125.28,0.0,0.0,0.0,0.0
9803,0.0,2.291,3505.96,0.0,0.0,0.0,0.0
9804,0.0,-2.683,69.44,0.0,0.0,0.0,0.0
9805,0.0,-0.158,494.79,0.0,0.0,0.0,0.0
9806,0.0,-1.84,270.97,0.0,0.0,0.0,0.0
9807,0.0,-2.326,211.12,0.0,0.0,0.0,0.0
9808,0.0,-0.502,503.82,0.0,0.0,0.0,0.0
9809,0.0,-0.206,801.74,0.0,0.0,0.0,0.0
9810,0.0,2.934,356.42,0.0,0.0,0.0,0.0
9811,0.0,-0.436,342.91,0.0,0.0,0.0,0.0
9812,0.0,-0.231,55.88,0.0,0.0,0.0,0.0
9813,0.0,-0.369,54.76,0.0,0.0,0.0,0.0
9814,0.0,-0.995,2174.85,0.0,0.0,0.0,0.0
9815,0.0,-2.224,52.05,0.0,0.0,0.0,0.0
9816,0.0,2.452,805.93,0.0,0.0,0.0,0.0
9817,0.0,3.116,629.1,0.0,0.0,0.0,0.0
9818,0.0,0.28,516.85,0.0,0.0,0.0,0.0
9819,0.0,2.032,226.29,0.0,0.0,0.0,0.0
9820,0.0,-0.247,330.03,0.0,0.0,0.0,0.0
9821,0.0,-0.613,904.9,0.0,0.0,0.0,0.0
9822,0.0,2.895,29.83,0.0,0.0,0.0,0.0
9823,0.0,-0.218,196.29,0.0,0.0,0.0,0.0
9824,0.0,-0.967,2366.09,0.0,0.0,0.0,0.0
9825,0.0,-0.694,1356.87,0.0,0.0,0.0,0.0
9826,0.0,1.678,378.36,0.0,0.0,0.0,0.0
9827,0.0,-1.607,457.41,0.0,0.0,0.0,0.0
9828,0.0,1.586,356.44,0.0,0.0,0.0,0.0
9829,0.0,-1.513,1245.62,0.0,0.0,0.0,0.0
9830,0.0,1.225,202.98,0.0,0.0,0.0,0.0
9831,0.0,3.095,281.26,0.0,0.0,0.0,0.0
9832,0.0,-1.054,462.77,0.0,0.0,0.0,0.0
9833,0.0,1.412,1331.87,0.0,0.0,0.0,0.0
9834,0.0,-0.803,2135.33,0.0,0.0,0.0,0.0
9835,0.0,-1.942,2073.16,0.0,0.0,0.0,0.0
9836,0.0,-0.156,317.46,0.0,0.0,0.0,0.0
9837,0.0,-0.599,22.49,0.0,0.0,0.0,0.0
9838,0.0,-2.82,1044.02,0.0,0.0,0.0,0.0
9839,0.0,-1.306,690.96,0.0,0.0,0.0,0.0
9840,0.0,1.809,96.42,0.0,0.0,0.0,0.0
9841,0.0,-1.082,216.47,0.0,0.0,0.0,0.0
9842,0.0,-0.675,223.55,0.0,0.0,0.0,0.0
9843,0.0,1.744,926.38,0.0,0.0,0.0,0.0
9844,0.0,-1.673,190.93,0.0,0.0,0.0,0.0
9845,0.0,1.982,3311.23,0.0,0.0,0.0,0.0
9846,0.0,0.146,103.39,0.0,0.0,0.0,0.0
9847,0.0,-1.498,459.46,0.0,0.0,0.0,0.0
9848,0.0,1.472,537.73,0.0,0.0,0.0,0.0
9849,0.0,-0.032,146.4,0.0,0.0,0.0,0.0
9850,0.0,1.125,212.78,0.0,0.0,0.0,0.0
9851,0.0,-0.589,98.0,0.0,0.0,0.0,0.0
9852,0.0,-1.555,930.9,0.0,0.0,0.0,0.0
9853,0.0,-2.47,685.12,0.0,0.0,0.0,0.0
9854,0.0,1.491,1702.18,0.0,0.0,0.0,0.0
9855,0.0,-1.788,200.9,0.0,0.0,0.0,0.0
9856,0.0,-0.234,288.08,0.0,0.0,0.0,0.0
9857,0.0,1.583,1065.16,0.0,0.0,0.0,0.0
9858,0.0,2.169,14.14,0.0,0.0,0.0,0.0
9859,0.0,1.124,2904.94,0.0,0.0,0.0,0.0
9860,0.0,-0.734,149.09,0.0,0.0,0.0,0.0
9861,0.0,2.955,208.2,0.0,0.0,0.0,0.0
9862,0.0,1.001,1530.82,0.0,0.0,0.0,0.0
9863,0.0,1.796,172.46,0.0,0.0,0.0,0.0
9864,0.0,1.096,282.36,0.0,0.0,0.0,0.0
9865,0.0,-1.633,181.52,0.0,0.0,0.0,0.0
9866,0.0,-2.724,753.46,0.0,0.0,0.0,0.0
9867,0.0,-2.804,207.21,0.0,0.0,0.0,0.0
9868,0.0,-2.552,328.56,0.0,0.0,0.0,0.0
9869,0.0,0.719,451.37,0.0,0.0,0.0,0.0
9870,0.0,-0.737,201.29,0.0,0.0,0.0,0.0
9871,0.0,-0.783,139.18,0.0,0.0,0.0,0.0
9872,0.0,-0.004,11.36,0.0,0.0,0.0,0.0
9873,0.0,2.193,914.46,0.0,0.0,0.0,0.0
9874,0.0,0.442,1173.0,0.0,0.0,0.0,0.0
9875,0.0,2.89,419.43,0.0,0.0,0.0,0.0
9876,0.0,-0.822,1722.75,0.0,0.0,0.0,0.0
9877,0.0,2.602,902.69,0.0,0.0,0.0,0.0
9878,0.0,0.771,2045.56,0.0,0.0,0.0,0.0
9879,0.0,-2.499,89.9,0.0,0.0,0.0,0.0
9880,0.0,1.805,597.81,0.0,0.0,0.0,0.0
9881,0.0,-0.708,222.69,0.0,0.0,0.0,0.0
9882,0.0,2.667,178.23,0.0,0.0,0.0,0.0
9883,0.0,0.653,166.05,0.0,0.0,0.0,0.0
9884,0.0,1.253,200.6,0.0,0.0,0.0,0.0
9885,0.0,1.737,1641.77,0.0,0.0,0.0,0.0
9886,0.0,-2.547,215.72,0.0,0.0,0.0,0.0
9887,0.0,0.488,743.47,0.0,0.0,0.0,0.0
9888,0.0,0.62,72.05,0.0,0.0,0.0,0.0
9889,0.0,2.17,2640.17,0.0,0.0,0.0,0.0
9890,0.0,2.614,151.62,0.0,0.0,0.0,0.0
9891,0.0,-2.891,71.1,0.0,0.0,0.0,0.0
9892,0.0,1.815,752.0,0.0,0.0,0.0,0.0
9893,0.0,1.245,276.74,0.0,0.0,0.0,0.0
9894,0.0,0.268,150.01,0.0,0.0,0.0,0.0
9895,0.0,-2.547,1288.22,0.0,0.0,0.0,0.0
9896,0.0,-2.977,323.56,0.0,0.0,0.0,0.0
9897,0.0,0.19,148.55,0.0,0.0,0.0,0.0
9898,0.0,-1.544,1728.14,0.0,0.0,0.0,0.0
9899,0.0,-0.759,53.78,0.0,0.0,0.0,0.0
9900,0.0,-0.015,854.41,0.0,0.0,0.0,0.0
9901,0.0,0.403,1472.03,0.0,0.0,0.0,0.0
9902,0.0,-1.613,2361.64,0.0,0.0,0.0,0.0
9903,0.0,-1.196,411.77,0.0,0.0,0.0,0.0
9904,0.0,-1.729,281.09,0.0,0.0,0.0,0.0
9905,0.0,-0.155,591.22,0.0,0.0,0.0,0.0
9906,0.0,2.346,112.37,0.0,0.0,0.0,0.0
9907,0.0,1.549,251.44,0.0,0.0,0.0,0.0
9908,0.0,1.592,1200.92,0.0,0.0,0.0,0.0
9909,0.0,-0.235,1147.43,0.0,0.0,0.0,0.0
9910,0.0,1.209,773.17,0.0,0.0,0.0,0.0
9911,0.0,0.771,279.65,0.0,0.0,0.0,0.0
9912,0.0,3.111,1305.07,0.0,0.0,0.0,0.0
9913,0.0,-0.951,231.27,0.0,0.0,0.0,0.0
9914,0.0,-0.108,2297.61,0.0,0.0,0.0,0.0
9915,0.0,-3.049,180.19,0.0,0.0,0.0,0.0
9916,0.0,-0.349,1793.96,0.0,0.0,0.0,0.0
9917,0.0,2.956,514.31,0.0,0.0,0.0,0.0
9918,0.0,-2.123,180.0,0.0,0.0,0.0,0.0
9919,0.0,-0.581,2791.69,0.0,0.0,0.0,0.0
9920,0.0,-2.129,936.35,0.0,0.0,0.0,0.0
9921,0.0,1.374,410.25,0.0,0.0,0.0,0.0
9922,0.0,2.988,154.87,0.0,0.0,0.0,0.0
9923,0.0,-2.041,899.97,0.0,0.0,0.0,0.0
9924,0.0,-1.172,450.69,0.0,0.0,0.0,0.0
9925,0.0,2.149,515.15,0.0,0.0,0.0,0.0
9926,0.0,-0.46,579.58,0.0,0.0,0.0,0.0
9927,0.0,2.31,401.23,0.0,0.0,0.0,0.0
9928,0.0,1.144,419.39,0.0,0.0,0.0,0.0
9929,0.0,-2.478,107.95,0.0,0.0,0.0,0.0
9930,0.0,-0.115,661.9,0.0,0.0,0.0,0.0
9931,0.0,-2.5,162.36,0.0,0.0,0.0,0.0
9932,0.0,0.434,171.68,0.0,0.0,0.0,0.0
9933,0.0,-2.725,53.4,0.0,0.0,0.0,0.0
9934,0.0,-2.289,693.94,0.0,0.0,0.0,0.0
9935,0.0,-1.906,889.45,0.0,0.0,0.0,0.0
9936,0.0,-1.269,29.42,0.0,0.0,0.0,0.0
9937,0.0,0.692,267.49,0.0,0.0,0.0,0.0
9938,0.0,0.457,656.34,0.0,0.0,0.0,0.0
9939,0.0,-1.426,1262.59,0.0,0.0,0.0,0.0
9940,0.0,2.558,494.21,0.0,0.0,0.0,0.0
9941,0.0,-0.235,303.63,0.0,0.0,0.0,0.0
9942,0.0,-2.197,107.95,0.0,0.0,0.0,0.0
9943,0.0,-2.245,1430.39,0.0,0.0,0.0,0.0
9944,0.0,0.383,478.82,0.0,0.0,0.0,0.0
9945,0.0,-2.919,230.98,0.0,0.0,0.0,0.0
9946,0.0,2.38,544.57,0.0,0.0,0.0,0.0
9947,0.0,-1.446,1387.33,0.0,0.0,0.0,0.0
9948,0.0,0.517,1624.61,0.0,0.0,0.0,0.0
9949,0.0,-2.678,28.29,0.0,0.0,0.0,0.0
9950,0.0,0.017,380.4,0.0,0.0,0.0,0.0
9951,0.0,0.356,368.27,0.0,0.0,0.0,0.0
9952,0.0,-0.377,2013.7,0.0,0.0,0.0,0.0
9953,0.0,0.975,2204.32,0.0,0.0,0.0,0.0
9954,0.0,2.802,250.4,0.0,0.0,0.0,0.0
9955,0.0,-0.947,45.49,0.0,0.0,0.0,0.0
9956,0.0,2.499,437.12,0.0,0.0,0.0,0.0
9957,0.0,-0.543,204.86,0.0,0.0,0.0,0.0
9958,0.0,2.426,6.29,0.0,0.0,0.0,0.0
9959,0.0,0.756,128.13,0.0,0.0,0.0,0.0
9960,0.0,-0.077,1033.73,0.0,0.0,0.0,0.0
9961,0.0,-2.442,333.84,0.0,0.0,0.0,0.0
9962,0.0,0.27,264.56,0.0,0.0,0.0,0.0
9963,0.0,-0.046,209.4,0.0,0.0,0.0,0.0
9964,0.0,-0.646,323.08,0.0,0.0,0.0,0.0
9965,0.0,2.234,455.94,0.0,0.0,0.0,0.0
9966,0.0,-0.378,128.47,0.0,0.0,0.0,0.0
9967,0.0,-0.392,153.75,0.0,0.0,0.0,0.0
9968,0.0,-1.882,733.2,0.0,0.0,0.0,0.0
9969,0.0,-0.846,234.59,0.0,0.0,0.0,0.0
9970,0.0,2.058,148.58,0.0,0.0,0.0,0.0
9971,0.0,-2.296,391.41,0.0,0.0,0.0,0.0
9972,0.0,-1.196,524.35,0.0,0.0,0.0,0.0
9973,0.0,-0.985,147.91,0.0,0.0,0.0,0.0
9974,0.0,-1.449,311.27,0.0,0.0,0.0,0.0
9975,0.0,0.058,101.92,0.0,0.0,0.0,0.0
9976,0.0,2.244,1559.18,0.0,0.0,0.0,0.0
9977,0.0,0.802,1094.86,0.0,0.0,0.0,0.0
9978,0.0,0.209,231.65,0.0,0.0,0.0,0.0
9979,0.0,1.147,1623.3,0.0,0.0,0.0,0.0
9980,0.0,2.411,60.3,0.0,0.0,0.0,0.0
9981,0.0,2.476,365.73,0.0,0.0,0.0,0.0
9982,0.0,-1.311,556.21,0.0,0.0,0.0,0.0
9983,0.0,-0.12,1834.64,0.0,0.0,0.0,0.0
9984,0.0,-0.606,212.7,0.0,0.0,0.0,0.0
9985,0.0,0.261,78.18,0.0,0.0,0.0,0.0
9986,0.0,1.309,67.01,0.0,0.0,0.0,0.0
9987,0.0,0.741,80.96,0.0,0.0,0.0,0.0
9988,0.0,-1.137,1729.0,0.0,0.0,0.0,0.0
9989,0.0,3.065,1900.13,0.0,0.0,0.0,0.0
9990,0.0,2.143,1017.96,0.0,0.0,0.0,0.0
9991,0.0,-0.037,212.88,0.0,0.0,0.0,0.0
9992,0.0,-2.533,331.49,0.0,0.0,0.0,0.0
9993,0.0,0.07,1978.89,0.0,0.0,0.0,0.0
9994,0.0,2.649,158.81,0.0,0.0,0.0,0.0
9995,0.0,-2.031,691.07,0.0,0.0,0.0,0.0
9996,0.0,2.103,623.7,0.0,0.0,0.0,0.0
9997,0.0,3.058,2409.62,0.0,0.0,0.0,0.0
